0.00000032501374746539 0.88697680217472663067 0.09960245307523447889 0.00000000100000000000 0.00014844702673173562 0.00002921722987127523 0.00000000147820491119 0.00000000100000000000 0.00413802598369214601 0.00910472601779148231 
0.00000000099999999972 0.00000000099999999972 0.00000000099999999972 0.99999999100000003249 0.00000000099999999972 0.00000000099999999972 0.00000000099999999972 0.00000000099999999972 0.00000000099999999972 0.00000000099999999972 
0.08393533403974648421 0.22125919093529497483 0.00000000099999999998 0.00000000099999999998 0.00000000099999999998 0.15993043502332804362 0.00000000099999999998 0.00000000099999999998 0.51967668111532272501 0.01519835388630760842 
0.00000000099999999974 0.00000000099999999974 0.00000000099999999974 0.99999999100000003249 0.00000000099999999974 0.00000000099999999974 0.00000000099999999974 0.00000000099999999974 0.00000000099999999974 0.00000000099999999974 
0.00000000099999999987 0.00000000099999999987 0.00000000099999999987 0.00000000099999999987 0.00000000099999999987 0.99999999100000003249 0.00000000099999999987 0.00000000099999999987 0.00000000099999999987 0.00000000099999999987 
0.00000000099999999965 0.00000000099999999965 0.00000000099999999965 0.99999999100000003249 0.00000000099999999965 0.00000000099999999965 0.00000000099999999965 0.00000000099999999965 0.00000000099999999965 0.00000000099999999965 
0.00000000099999999977 0.00000000099999999977 0.00000000099999999977 0.99999999100000003249 0.00000000099999999977 0.00000000099999999977 0.00000000099999999977 0.00000000099999999977 0.00000000099999999977 0.00000000099999999977 
0.00000000099999999981 0.00000000099999999981 0.00000000099999999981 0.51687283641309633708 0.48312715558690372264 0.00000000099999999981 0.00000000099999999981 0.00000000099999999981 0.00000000099999999981 0.00000000099999999981 
0.00000000099999999966 0.00000000099999999966 0.00000000099999999966 0.99999999100000003249 0.00000000099999999966 0.00000000099999999966 0.00000000099999999966 0.00000000099999999966 0.00000000099999999966 0.00000000099999999966 
0.00000000099999999981 0.00000000099999999981 0.00000000099999999981 0.50165047510542770670 0.49834951689457229751 0.00000000099999999981 0.00000000099999999981 0.00000000099999999981 0.00000000099999999981 0.00000000099999999981 
0.00000000099999999970 0.00000000099999999970 0.00000000099999999970 0.99999999100000014352 0.00000000099999999970 0.00000000099999999970 0.00000000099999999970 0.00000000099999999970 0.00000000099999999970 0.00000000099999999970 
0.00000000099999999996 0.99999999100000014352 0.00000000099999999996 0.00000000099999999996 0.00000000099999999996 0.00000000099999999996 0.00000000099999999996 0.00000000099999999996 0.00000000099999999996 0.00000000099999999996 
0.00000000099999999971 0.00000000099999999971 0.00000000099999999971 0.99999999100000003249 0.00000000099999999971 0.00000000099999999971 0.00000000099999999971 0.00000000099999999971 0.00000000099999999971 0.00000000099999999971 
0.00000000099999999977 0.00000000099999999977 0.00000000099999999977 0.86558782083754848280 0.13441217116245163243 0.00000000099999999977 0.00000000099999999977 0.00000000099999999977 0.00000000099999999977 0.00000000099999999977 
0.00000000099999999968 0.00000000099999999968 0.00000000099999999968 0.99999999100000014352 0.00000000099999999968 0.00000000099999999968 0.00000000099999999968 0.00000000099999999968 0.00000000099999999968 0.00000000099999999968 
0.00000000099999999985 0.00000000099999999985 0.00000000099999999985 0.00000000099999999985 0.00000000099999999985 0.00000000099999999985 0.00000000099999999985 0.00000000099999999985 0.99999999099999992147 0.00000000099999999985 
0.00000000099999999999 0.87403478792513933371 0.09147477121741265371 0.00000000099999999999 0.00000232598000989919 0.00067619800237900241 0.00006575196950670704 0.00029454314021498202 0.01745821872051874640 0.01599340104481884739 
0.00000000099999999969 0.00000000099999999969 0.00000000099999999969 0.99999999100000003249 0.00000000099999999969 0.00000000099999999969 0.00000000099999999969 0.00000000099999999969 0.00000000099999999969 0.00000000099999999969 
0.00000000099999999983 0.00000000099999999983 0.00000000099999999983 0.52368126218290589335 0.47631872981709399983 0.00000000099999999983 0.00000000099999999983 0.00000000099999999983 0.00000000099999999983 0.00000000099999999983 
0.00000000099999999986 0.00000000099999999986 0.00000000099999999986 0.00000000099999999986 0.00000000099999999986 0.00000000099999999986 0.00000000099999999986 0.00000000099999999986 0.99999999100000003249 0.00000000099999999986 
0.01242416358093034918 0.89330724725624222060 0.08425730965472127965 0.00000000100000000000 0.00000383694379459663 0.00000000100000000000 0.00000000127069154866 0.00000287809610679390 0.01000430729802527334 0.00000025389948820197 
0.07815574652650061904 0.30251162065059639117 0.00000000099999999997 0.00000000099999999997 0.00000000099999999997 0.05852963484930976540 0.00000000099999999997 0.00000000099999999997 0.52109806222839893941 0.03970493074519413496 
0.02786417572266081805 0.03086846950816811777 0.00000000099999999999 0.00000000099999999999 0.00002793473957993838 0.74149791963587696753 0.00000000099999999999 0.00904289541856818403 0.18584651374434887905 0.00485208823079719565 
0.00000000099999999980 0.00000000099999999980 0.00000000099999999980 0.49574248367340945087 0.50425750832659055334 0.00000000099999999980 0.00000000099999999980 0.00000000099999999980 0.00000000099999999980 0.00000000099999999980 
0.00000000099999999995 0.99999999100000025454 0.00000000099999999995 0.00000000099999999995 0.00000000099999999995 0.00000000099999999995 0.00000000099999999995 0.00000000099999999995 0.00000000099999999995 0.00000000099999999995 
0.00000000099999999981 0.00000000099999999981 0.00000000099999999981 0.67525428264465681139 0.32474570935534330385 0.00000000099999999981 0.00000000099999999981 0.00000000099999999981 0.00000000099999999981 0.00000000099999999981 
0.33392208807441969842 0.00000000099999999994 0.00000000099999999994 0.00000000099999999994 0.00000000099999999994 0.00000000099999999994 0.63238347868998656676 0.00000000099999999994 0.00000000099999999994 0.03369442623559373851 
0.00000000099999999995 0.99999999100000014352 0.00000000099999999995 0.00000000099999999995 0.00000000099999999995 0.00000000099999999995 0.00000000099999999995 0.00000000099999999995 0.00000000099999999995 0.00000000099999999995 
0.02612392696859155289 0.82725821965157997351 0.10428385486165071827 0.00000000099999999999 0.00000000099999999999 0.00007735122783718681 0.00118642680260743817 0.00304202468900625998 0.00938959834129249327 0.02863859545743442994 
0.00000000099999999975 0.00000000099999999975 0.00000000099999999975 0.00000000099999999975 0.00000000099999999975 0.00000000099999999975 0.00000000099999999975 0.00000000099999999975 0.00000000099999999975 0.99999999099999992147 
0.00000000099999999986 0.00000000099999999986 0.00000000099999999986 0.00000000099999999986 0.00000000099999999986 0.00000000099999999986 0.00000000099999999986 0.00000000099999999986 0.99999999100000003249 0.00000000099999999986 
0.00000000099999999987 0.00000000099999999987 0.00000000099999999987 0.00000000099999999987 0.00000000099999999987 0.99999999100000003249 0.00000000099999999987 0.00000000099999999987 0.00000000099999999987 0.00000000099999999987 
0.02814223655969289722 0.83164457527709367834 0.08988204831450524734 0.00000000100000000000 0.01728373319039732195 0.00472589658614964558 0.00012645853665279260 0.00025178782485442820 0.00359641825962742773 0.02434684445102662173 
0.09039030563754887893 0.31216097582530405452 0.00000000099999999997 0.00000000099999999997 0.00000000099999999997 0.13202374770645464164 0.00000000099999999997 0.00000006304107081160 0.43796172752731415967 0.02746317626230746975 
0.00000000099999999991 0.00000000099999999991 0.00000000099999999991 0.00000000099999999991 0.00000000099999999991 0.99999999100000003249 0.00000000099999999991 0.00000000099999999991 0.00000000099999999991 0.00000000099999999991 
0.99999999100000025454 0.00000000099999999979 0.00000000099999999979 0.00000000099999999979 0.00000000099999999979 0.00000000099999999979 0.00000000099999999979 0.00000000099999999979 0.00000000099999999979 0.00000000099999999979 
0.00000000099999999995 0.99999999100000025454 0.00000000099999999995 0.00000000099999999995 0.00000000099999999995 0.00000000099999999995 0.00000000099999999995 0.00000000099999999995 0.00000000099999999995 0.00000000099999999995 
0.00000000099999999981 0.00000000099999999981 0.00000000099999999981 0.79508538832861785917 0.20491460367138228382 0.00000000099999999981 0.00000000099999999981 0.00000000099999999981 0.00000000099999999981 0.00000000099999999981 
0.00000000099999999980 0.00000000099999999980 0.00000000099999999980 0.81668524813242227012 0.18331474386757781736 0.00000000099999999980 0.00000000099999999980 0.00000000099999999980 0.00000000099999999980 0.00000000099999999980 
0.00741794850948830284 0.00000000099999999996 0.00000000099999999996 0.00000000099999999996 0.00000000099999999996 0.00000000099999999996 0.99258204349051160076 0.00000000099999999996 0.00000000099999999996 0.00000000099999999996 
0.00000000099999999999 0.91399533305219693435 0.08463795287795146394 0.00000000099999999999 0.00000053490756155236 0.00000000792414945638 0.00004852627447396415 0.00005954151888934178 0.00000000099999999999 0.00125810044477721577 
0.00000000099999999978 0.00000000099999999978 0.00000000099999999978 0.00000000099999999978 0.00000000099999999978 0.00000000099999999978 0.00000000099999999978 0.00000000099999999978 0.00000000099999999978 0.99999999100000003249 
0.00000000099999999994 0.00000000099999999994 0.00000000099999999994 0.00000000099999999994 0.00000000099999999994 0.00000000099999999994 0.99999999099999992147 0.00000000099999999994 0.00000000099999999994 0.00000000099999999994 
0.04459534073362232676 0.82030145536862963951 0.05297991308487371570 0.00000000100000000000 0.02040255251956266808 0.01214341892416908805 0.01486352862002415787 0.00000005298310200132 0.00544091818101503488 0.02927281858500132422 
0.02790876612856750191 0.78720607465690317639 0.10789251373968197778 0.00000000100000000000 0.01238967294838752738 0.00388555082114251833 0.00000201680157575886 0.01082185611100367276 0.02083358363676507397 0.02905996415597278740 
0.13130171229988471526 0.33752628063524570123 0.00000000099999999997 0.00000000099999999997 0.00000000099999999997 0.02991388874997970293 0.00000000099999999997 0.00000000099999999997 0.47347358025975916362 0.02778453305513046631 
0.00000000099999999995 0.00000000099999999995 0.00000000099999999995 0.00000000099999999995 0.00000000099999999995 0.75744909701641960353 0.00000000099999999995 0.00000000099999999995 0.24255089498358045619 0.00000000099999999995 
0.99999999100000025454 0.00000000099999999970 0.00000000099999999970 0.00000000099999999970 0.00000000099999999970 0.00000000099999999970 0.00000000099999999970 0.00000000099999999970 0.00000000099999999970 0.00000000099999999970 
0.00000000099999999988 0.00000000099999999988 0.00000000099999999988 0.00000000099999999988 0.00000000099999999988 0.00000000099999999988 0.00000000099999999988 0.00000000099999999988 0.99999999100000003249 0.00000000099999999988 
0.00000000099999999984 0.00000000099999999984 0.00000000099999999984 0.00000000099999999984 0.00000000099999999984 0.00000000099999999984 0.00000000099999999984 0.00000000099999999984 0.99999999099999992147 0.00000000099999999984 
0.00000000099999999995 0.99999999100000025454 0.00000000099999999995 0.00000000099999999995 0.00000000099999999995 0.00000000099999999995 0.00000000099999999995 0.00000000099999999995 0.00000000099999999995 0.00000000099999999995 
0.00000000099999999984 0.00000000099999999984 0.00000000099999999984 0.52336269455852912902 0.47663729744147093070 0.00000000099999999984 0.00000000099999999984 0.00000000099999999984 0.00000000099999999984 0.00000000099999999984 
0.00000000099999999994 0.00000000099999999994 0.00000000099999999994 0.00000000099999999994 0.00000000099999999994 0.00000000099999999994 0.99999999100000003249 0.00000000099999999994 0.00000000099999999994 0.00000000099999999994 
0.00000000099999999998 0.93425383309652310082 0.06372734548191300030 0.00000000099999999998 0.00000000099999999998 0.00000000099999999998 0.00199735502658139131 0.00002145191275400163 0.00000000099999999998 0.00000000948222859924 
0.00000000099999999975 0.00000000099999999975 0.00000000099999999975 0.00000000099999999975 0.00000000099999999975 0.00000000099999999975 0.00000000099999999975 0.00000000099999999975 0.00000000099999999975 0.99999999100000003249 
0.00000000099999999993 0.00000000099999999993 0.00000000099999999993 0.00000000099999999993 0.00000000099999999993 0.00000000099999999993 0.99999999099999992147 0.00000000099999999993 0.00000000099999999993 0.00000000099999999993 
0.02085205839841441228 0.81130016497658186125 0.05152796083856661657 0.00000000100000000000 0.01868074576254927580 0.03068783733263556052 0.00475755589155319510 0.00000076753903006182 0.04412283758391220140 0.01807007067675696008 
0.00000000099999999994 0.99999999100000025454 0.00000000099999999994 0.00000000099999999994 0.00000000099999999994 0.00000000099999999994 0.00000000099999999994 0.00000000099999999994 0.00000000099999999994 0.00000000099999999994 
0.09238621238510327793 0.32018459475858224161 0.00000000099999999998 0.00000000099999999998 0.00000000099999999998 0.09266184787283669733 0.00000000099999999998 0.00000000099999999998 0.47565582166956299481 0.01911151831391469380 
0.00000000099999999983 0.00000000099999999983 0.00000000099999999983 0.00000000099999999983 0.00000000099999999983 0.99999999100000003249 0.00000000099999999983 0.00000000099999999983 0.00000000099999999983 0.00000000099999999983 
0.00000000099999999989 0.00000000099999999989 0.00000000099999999989 0.00000000099999999989 0.00000000099999999989 0.99999999100000014352 0.00000000099999999989 0.00000000099999999989 0.00000000099999999989 0.00000000099999999989 
0.00000000099999999985 0.00000000099999999985 0.00000000099999999985 0.00000000099999999985 0.00000000099999999985 0.00000000099999999985 0.00000000099999999985 0.00000000099999999985 0.99999999100000003249 0.00000000099999999985 
0.02122728898257102842 0.85760574217745022541 0.04453143865564753584 0.00000000100000000000 0.01901642685099532576 0.00000000233731856492 0.00005084839625092976 0.00207615685739011421 0.02526001694511242207 0.03023207779726403907 
0.00000000099999999980 0.00000000099999999980 0.00000000099999999980 0.83057142551076645898 0.16942856648923351748 0.00000000099999999980 0.00000000099999999980 0.00000000099999999980 0.00000000099999999980 0.00000000099999999980 
0.99999999100000014352 0.00000000099999999970 0.00000000099999999970 0.00000000099999999970 0.00000000099999999970 0.00000000099999999970 0.00000000099999999970 0.00000000099999999970 0.00000000099999999970 0.00000000099999999970 
0.00000000099999999993 0.00000000099999999993 0.00000000099999999993 0.00000000099999999993 0.00000000099999999993 0.00000000099999999993 0.99999999100000003249 0.00000000099999999993 0.00000000099999999993 0.00000000099999999993 
0.00000000099999999982 0.00000000099999999982 0.00000000099999999982 0.50721591203355409494 0.49278407996644607580 0.00000000099999999982 0.00000000099999999982 0.00000000099999999982 0.00000000099999999982 0.00000000099999999982 
0.00000000099999999976 0.00000000099999999976 0.00000000099999999976 0.00000000099999999976 0.00000000099999999976 0.00000000099999999976 0.00000000099999999976 0.00000000099999999976 0.00000000099999999976 0.99999999100000003249 
0.00000000099999999994 0.00000000099999999994 0.00000000099999999994 0.00000000099999999994 0.00000000099999999994 0.00000000099999999994 0.99999999100000003249 0.00000000099999999994 0.00000000099999999994 0.00000000099999999994 
0.99999999100000025454 0.00000000099999999972 0.00000000099999999972 0.00000000099999999972 0.00000000099999999972 0.00000000099999999972 0.00000000099999999972 0.00000000099999999972 0.00000000099999999972 0.00000000099999999972 
0.09858257064599026953 0.33028639732151282571 0.00000000099999999997 0.00000000099999999997 0.00000000099999999997 0.07722689628377990556 0.00000000099999999997 0.00000000099999999997 0.47174746619459229091 0.02215666455412482194 
0.00000000099999999979 0.00000000099999999979 0.00000000099999999979 0.79316794336390583631 0.20683204863609433444 0.00000000099999999979 0.00000000099999999979 0.00000000099999999979 0.00000000099999999979 0.00000000099999999979 
0.00000000099999999990 0.00000000099999999990 0.00000000099999999990 0.00000000099999999990 0.00000000099999999990 0.99999999100000014352 0.00000000099999999990 0.00000000099999999990 0.00000000099999999990 0.00000000099999999990 
0.00000000099999999984 0.00000000099999999984 0.00000000099999999984 0.00000000099999999984 0.00000000099999999984 0.00000000099999999984 0.00000000099999999984 0.00000000099999999984 0.99999999099999992147 0.00000000099999999984 
0.00000000099999999980 0.00000000099999999980 0.00000000099999999980 0.82154391540399362981 0.17845607659600651318 0.00000000099999999980 0.00000000099999999980 0.00000000099999999980 0.00000000099999999980 0.00000000099999999980 
0.00000000099999999978 0.00000000099999999978 0.00000000099999999978 0.00000000099999999978 0.00000000099999999978 0.00000000099999999978 0.00000000099999999978 0.00000000099999999978 0.00000000099999999978 0.99999999100000003249 
0.00000000099999999983 0.00000000099999999983 0.00000000099999999983 0.49442518658365591788 0.50557480541634414184 0.00000000099999999983 0.00000000099999999983 0.00000000099999999983 0.00000000099999999983 0.00000000099999999983 
0.00000000099999999979 0.00000000099999999979 0.00000000099999999979 0.00000000099999999979 0.00000000099999999979 0.00000000099999999979 0.00000000099999999979 0.00000000099999999979 0.00000000099999999979 0.99999999099999992147 
0.00000000099999999983 0.00000000099999999983 0.00000000099999999983 0.00000000099999999983 0.00000000099999999983 0.00000000099999999983 0.00000000099999999983 0.00000000099999999983 0.99999999100000003249 0.00000000099999999983 
0.00000000099999999994 0.00000000099999999994 0.00000000099999999994 0.00000000099999999994 0.00000000099999999994 0.00000000099999999994 0.99999999099999992147 0.00000000099999999994 0.00000000099999999994 0.00000000099999999994 
0.10334758687025295820 0.35077903965407464248 0.00000000099999999998 0.00000000099999999998 0.00000000099999999998 0.06769778383745293782 0.00000000099999999998 0.00028173350331344582 0.43989073493162894612 0.03800311720327714110 
0.00000000099999999993 0.00000000099999999993 0.00000000099999999993 0.00000000099999999993 0.00000000099999999993 0.99999999100000003249 0.00000000099999999993 0.00000000099999999993 0.00000000099999999993 0.00000000099999999993 
0.00000000099999999991 0.00000000099999999991 0.00000000099999999991 0.00000000099999999991 0.00000000099999999991 0.89200163157220302423 0.00000000099999999991 0.00000000099999999991 0.10799836042779700773 0.00000000099999999991 
0.00000000099999999996 0.99997659799665283842 0.00000000099999999996 0.00000000099999999996 0.00000000099999999996 0.00000000099999999996 0.00000000099999999996 0.00002339400334741966 0.00000000099999999996 0.00000000099999999996 
0.00000000099999999982 0.00000000099999999982 0.00000000099999999982 0.76539830001502817680 0.23460169198497182741 0.00000000099999999982 0.00000000099999999982 0.00000000099999999982 0.00000000099999999982 0.00000000099999999982 
0.00000000099999999977 0.00000000099999999977 0.00000000099999999977 0.00000000099999999977 0.00000000099999999977 0.00000000099999999977 0.00000000099999999977 0.00000000099999999977 0.00000000099999999977 0.99999999099999992147 
0.00000000099999999993 0.00000000099999999993 0.00000000099999999993 0.00000000099999999993 0.00000000099999999993 0.73694130755813691547 0.00000000099999999993 0.00000000099999999993 0.26305868444186297772 0.00000000099999999993 
0.00000000099999999987 0.00000000099999999987 0.00000000099999999987 0.00000000099999999987 0.00000000099999999987 0.99999999100000003249 0.00000000099999999987 0.00000000099999999987 0.00000000099999999987 0.00000000099999999987 
0.89483243609643403627 0.00111969967000786152 0.00000000099999999998 0.00000000099999999998 0.00000000099999999998 0.09439949611063663815 0.00000000099999999998 0.00864578614196852106 0.00100257698095317723 0.00000000099999999998 
0.00000000099999999977 0.00000000099999999977 0.00000000099999999977 0.00000000099999999977 0.00000000099999999977 0.00000000099999999977 0.00000000099999999977 0.00000000099999999977 0.00000000099999999977 0.99999999100000003249 
0.00000000099999999982 0.00000000099999999982 0.00000000099999999982 0.00000000099999999982 0.00000000099999999982 0.99999999100000003249 0.00000000099999999982 0.00000000099999999982 0.00000000099999999982 0.00000000099999999982 
0.10899292300511982667 0.33680733421508812775 0.00000000099999999997 0.00000000099999999997 0.00000000099999999997 0.09006549215098859362 0.00000000099999999997 0.00000001407225459254 0.42993074822896043541 0.03420348432758829604 
0.00809147516254258951 0.00000000099999999998 0.00000000099999999998 0.00000000099999999998 0.00000000099999999998 0.00000000099999999998 0.98834587911492044476 0.00002224105635981024 0.00000011187675998989 0.00354028778941709596 
0.00000000099999999968 0.00000000099999999968 0.00000000099999999968 0.99999999100000014352 0.00000000099999999968 0.00000000099999999968 0.00000000099999999968 0.00000000099999999968 0.00000000099999999968 0.00000000099999999968 
0.00000000099999999998 0.16738722657065266408 0.61784962341368077077 0.00012054086968182345 0.20811603559705729727 0.00000000099999999998 0.00000000099999999998 0.00652656854892745553 0.00000000099999999998 0.00000000099999999998 
0.00000000099999999974 0.00000000099999999974 0.00000000099999999974 0.00000000099999999974 0.99999999100000014352 0.00000000099999999974 0.00000000099999999974 0.00000000099999999974 0.00000000099999999974 0.00000000099999999974 
0.03604677658159703008 0.00000000099999999998 0.00000000099999999998 0.00000000099999999998 0.00000000099999999998 0.00000000099999999998 0.96335563318040517977 0.00000000377889204041 0.00000000099999999998 0.00059758045910562841 
0.00000000099999999960 0.00000000099999999960 0.00000000099999999960 0.00000000099999999960 0.00000000099999999960 0.00000000099999999960 0.00000000099999999960 0.99999999100000003249 0.00000000099999999960 0.00000000099999999960 
0.00000000099999999998 0.15350408065649293055 0.63069717082623255600 0.00106631484472839147 0.21473242767254624441 0.00000000099999999998 0.00000000099999999998 0.00000000099999999998 0.00000000099999999998 0.00000000099999999998 
0.00000000099999999972 0.00000000099999999972 0.00000000099999999972 0.99999999100000003249 0.00000000099999999972 0.00000000099999999972 0.00000000099999999972 0.00000000099999999972 0.00000000099999999972 0.00000000099999999972 
0.30345128260428766431 0.00000000099999999995 0.00000000099999999995 0.00000000099999999995 0.00000000099999999995 0.00000000099999999995 0.66456681750103441253 0.00000000099999999995 0.00000000099999999995 0.03198189289467773949 
0.29461816786794847722 0.00000000099999999996 0.00000000099999999996 0.00000000099999999996 0.00000000099999999996 0.00000000099999999996 0.66697157588378630511 0.00000000099999999996 0.00000000099999999996 0.03841024924826506870 
0.00005946705184924621 0.67870639076092031949 0.20538411351908866798 0.00641835672089703657 0.05452899992544890662 0.03980454442365737727 0.00000000198786085978 0.00662267024438517159 0.00734615948196080254 0.00112929588393162906 
0.00000000099999999999 0.18125231945526945609 0.61723694068636714150 0.00000000099999999999 0.19250331706479598126 0.00000000099999999999 0.00000000099999999999 0.00900741679356758737 0.00000000099999999999 0.00000000099999999999 
0.00000000099999999969 0.00000000099999999969 0.00000000099999999969 0.00000000099999999969 0.99999999100000003249 0.00000000099999999969 0.00000000099999999969 0.00000000099999999969 0.00000000099999999969 0.00000000099999999969 
0.00811309139729652316 0.00000000099999999996 0.00000000099999999996 0.00000000099999999996 0.00000000099999999996 0.00000000099999999996 0.98306424672640480011 0.00000000099999999996 0.00882265487629868735 0.00000000099999999996 
0.00000000099999999999 0.14262903479667596307 0.63091477105972393336 0.01695983291221579009 0.20949635523138437909 0.00000000099999999999 0.00000000099999999999 0.00000000099999999999 0.00000000099999999999 0.00000000099999999999 
0.00000000099999999993 0.00000000099999999993 0.00000000099999999993 0.00000000099999999993 0.00000000099999999993 0.00000000099999999993 0.99999999099999992147 0.00000000099999999993 0.00000000099999999993 0.00000000099999999993 
0.34002304726804910562 0.00000000099999999995 0.00000000099999999995 0.00000000099999999995 0.00000000099999999995 0.00000000099999999995 0.61787320756003738520 0.00000000099999999995 0.00000000099999999995 0.04210373817191331858 
0.32130298351190128558 0.00000000099999999996 0.00000000099999999996 0.00000000099999999996 0.00000000099999999996 0.00000000099999999996 0.65130852719043419441 0.00000000099999999996 0.00000000099999999996 0.02738848229766451675 
0.26493291115806810732 0.00000000099999999996 0.00000000099999999996 0.00000000099999999996 0.00000000099999999996 0.00000000099999999996 0.71593674512292615475 0.00000000099999999996 0.01372782149685481019 0.00540251622215081207 
0.00000000099999999999 0.18294444707210774648 0.60477832507607620638 0.00000000099999999999 0.21227721973633578711 0.00000000099999999999 0.00000000211548046063 0.00000000099999999999 0.00000000099999999999 0.00000000099999999999 
0.00000000099999999977 0.00000000099999999977 0.00000000099999999977 0.00000000099999999977 0.99999999100000014352 0.00000000099999999977 0.00000000099999999977 0.00000000099999999977 0.00000000099999999977 0.00000000099999999977 
0.02315538389376238862 0.00000000099999999998 0.00000000099999999998 0.00000000099999999998 0.00000000099999999998 0.00000000099999999998 0.96602680383715389123 0.00000000099999999998 0.00000001239655031805 0.01081779387253345437 
0.00000000099999999957 0.00000000099999999957 0.00000000099999999957 0.00000000099999999957 0.00000000099999999957 0.00000000099999999957 0.00000000099999999957 0.99999999100000003249 0.00000000099999999957 0.00000000099999999957 
0.00000000099999999998 0.16987730703750397732 0.61011639152104368833 0.00449380513722393016 0.21551249030422842123 0.00000000099999999998 0.00000000099999999998 0.00000000099999999998 0.00000000099999999998 0.00000000099999999998 
0.00000000099999999996 0.00000000099999999996 0.00000000099999999996 0.00000000099999999996 0.00000000099999999996 0.00000000099999999996 0.99669116443503280589 0.00000000099999999996 0.00000000099999999996 0.00330882756496714845 
0.28302573268517078331 0.00000000099999999996 0.00000000099999999996 0.00000000099999999996 0.00000000099999999996 0.00000000099999999996 0.69759647445107619834 0.00000000099999999996 0.00000000099999999996 0.01937778586375293183 
0.30402652075232422524 0.00000000099999999997 0.00000000099999999997 0.00000000099999999997 0.00000000099999999997 0.00000000099999999997 0.67895703133899154569 0.00000000099999999997 0.00000000099999999997 0.01701644090868428827 
0.00000000099999999972 0.00000000099999999972 0.00000000099999999972 0.99999999100000014352 0.00000000099999999972 0.00000000099999999972 0.00000000099999999972 0.00000000099999999972 0.00000000099999999972 0.00000000099999999972 
0.26509041258667581653 0.00000000099999999997 0.00000000099999999997 0.00000000099999999997 0.00000000099999999997 0.00000000099999999997 0.70199279380726054001 0.00000000099999999997 0.00000000099999999997 0.03291678660606363327 
0.00000000099999999999 0.16823642879452899157 0.61856026703811206602 0.00000000099999999999 0.21320329716735897385 0.00000000099999999999 0.00000000099999999999 0.00000000099999999999 0.00000000099999999999 0.00000000099999999999 
0.00000000099999999974 0.00000000099999999974 0.00000000099999999974 0.00000000099999999974 0.99999999100000014352 0.00000000099999999974 0.00000000099999999974 0.00000000099999999974 0.00000000099999999974 0.00000000099999999974 
0.02104822322768370307 0.00000000099999999997 0.00000000099999999997 0.00000000099999999997 0.00000000099999999997 0.00000000099999999997 0.97836280316398427370 0.00056467554072884847 0.00002429206760326262 0.00000000099999999997 
0.00000000099999999953 0.00000000099999999953 0.00000000099999999953 0.00000000099999999953 0.00000000099999999953 0.00000000099999999953 0.00000000099999999953 0.99999999100000003249 0.00000000099999999953 0.00000000099999999953 
0.00000000099999999997 0.17848954586688536850 0.63045194875129972889 0.00000000099999999997 0.19105849838181496181 0.00000000099999999997 0.00000000099999999997 0.00000000099999999997 0.00000000099999999997 0.00000000099999999997 
0.01283932613892006108 0.81502299854206705643 0.04336504438593872385 0.00000000099999999999 0.01839658308884267734 0.02106811084556236419 0.00001413064368297055 0.00288497923051739182 0.03975174759347303161 0.04665707853099585606 
0.28870114224969289918 0.00000000099999999993 0.00000000099999999993 0.00000000099999999993 0.00000000099999999993 0.00000000099999999993 0.71129884975030688299 0.00000000099999999993 0.00000000099999999993 0.00000000099999999993 
0.26614285902774692527 0.00000000099999999996 0.00000000099999999996 0.00000000099999999996 0.00000000099999999996 0.00000000099999999996 0.71826061591129675143 0.00000000099999999996 0.00214814870713792580 0.01344837035381840802 
0.00000000099999999973 0.00000000099999999973 0.00000000099999999973 0.99999999100000014352 0.00000000099999999973 0.00000000099999999973 0.00000000099999999973 0.00000000099999999973 0.00000000099999999973 0.00000000099999999973 
0.26525214085528137087 0.00000000099999999997 0.00000000099999999997 0.00000000099999999997 0.00000000099999999997 0.00000000099999999997 0.73474772847553893040 0.00000000099999999997 0.00000000099999999997 0.00000012366917957508 
0.00000000099999999998 0.20958259107986806913 0.59972241827927275093 0.00000000099999999998 0.19069498298838272188 0.00000000099999999998 0.00000000099999999998 0.00000000099999999998 0.00000000099999999998 0.00000000165247663204 
0.00000000099999999975 0.00000000099999999975 0.00000000099999999975 0.00000000099999999975 0.99999999100000003249 0.00000000099999999975 0.00000000099999999975 0.00000000099999999975 0.00000000099999999975 0.00000000099999999975 
0.01567297934399194265 0.00000000099999999996 0.00000000099999999996 0.00000000099999999996 0.00000000099999999996 0.00000000099999999996 0.97546597180210359301 0.00000000099999999996 0.00886104185390457905 0.00000000099999999996 
0.00000000099999999952 0.00000000099999999952 0.00000000099999999952 0.00000000099999999952 0.00000000099999999952 0.00000000099999999952 0.00000000099999999952 0.99999999100000003249 0.00000000099999999952 0.00000000099999999952 
0.00000000099999999998 0.16221677749529378465 0.61273401335279731317 0.00000010317933255357 0.22504909997257646626 0.00000000099999999998 0.00000000099999999998 0.00000000099999999998 0.00000000099999999998 0.00000000099999999998 
0.28951403598883695967 0.00000000099999999993 0.00000000099999999993 0.00000000099999999993 0.00000000099999999993 0.00000000099999999993 0.71048595601116282250 0.00000000099999999993 0.00000000099999999993 0.00000000099999999993 
0.00000000100000000000 0.66477660286372330933 0.21936467774768861339 0.00867515896180538239 0.07640395414703621269 0.00850337879720474386 0.01328063197967650592 0.00163377527234812481 0.00009301035157082228 0.00726880887894606857 
0.27383251615950515712 0.00000000099999999997 0.00000000099999999997 0.00000000099999999997 0.00000000099999999997 0.00000000099999999997 0.72616263783811163535 0.00000000099999999997 0.00000008523478274444 0.00000475476760026249 
0.26615559802290844615 0.00000000099999999995 0.00000000099999999995 0.00000000099999999995 0.00000000099999999995 0.00000000099999999995 0.72804350935734385430 0.00000000099999999995 0.00000000099999999995 0.00580088561974763470 
0.01734923797596435099 0.17007971220994211325 0.74662444641646907861 0.00000000099999999999 0.04448527220165472695 0.00000000099999999999 0.01417663250419600937 0.00643626134262101964 0.00000886480923569783 0.00083957053991693450 
0.00001005482014317803 0.20719201073846599259 0.56605563734498109962 0.00332778940548574117 0.22341417131978985600 0.00000000099999999999 0.00000000099999999999 0.00000033237113424540 0.00000000099999999999 0.00000000099999999999 
0.00000000099999999976 0.00000000099999999976 0.00000000099999999976 0.00120226171093703823 0.99879773028906304599 0.00000000099999999976 0.00000000099999999976 0.00000000099999999976 0.00000000099999999976 0.00000000099999999976 
0.01138293653340673346 0.00000000099999999997 0.00000000099999999997 0.00000000099999999997 0.00000000099999999997 0.00000000099999999997 0.98848578663756514473 0.00000000099999999997 0.00000000773637794527 0.00013126309265017852 
0.00000000099999999998 0.15439989047949059797 0.61799712806915618746 0.00692928992068585822 0.22066817849175224264 0.00000000099999999998 0.00000000099999999998 0.00000550803891506587 0.00000000099999999998 0.00000000099999999998 
0.00000000099999999966 0.00000000099999999966 0.00000000099999999966 0.99999999100000003249 0.00000000099999999966 0.00000000099999999966 0.00000000099999999966 0.00000000099999999966 0.00000000099999999966 0.00000000099999999966 
0.26055423549590617238 0.00000000099999999997 0.00000000099999999997 0.00000000099999999997 0.00000000099999999997 0.00000000099999999997 0.70863751057337009964 0.00000000099999999997 0.00000000099999999997 0.03080824693072370044 
0.00000000100000000000 0.67419047774624918379 0.21335699717817882548 0.00000000100000000000 0.08506028415569993895 0.01667895198914549557 0.00000000702095996902 0.00000000100000000000 0.00043826100835833021 0.01027501790140843661 
0.00000000099999999999 0.17651181419820308194 0.75093718471094905720 0.00000000099999999999 0.03333136071762307640 0.00000000099999999999 0.03020880964593980478 0.00210357046192962815 0.00000000099999999999 0.00690725626535545947 
0.00000000099999999999 0.70673681573554913982 0.21082725097293872341 0.00000000349408303835 0.06736555958410794798 0.00417757963206644330 0.00000000099999999999 0.01089278658125498490 0.00000000099999999999 0.00000000099999999999 
0.00000000099999999999 0.18086412381401328897 0.76402882526108883976 0.00000000099999999999 0.04326562990368552908 0.00002123396479136193 0.00794788677781505838 0.00351933209335367550 0.00000000099999999999 0.00035296518525241460 
0.00000000099999999999 0.18064010091814433623 0.60077290598445021175 0.00318972727823852798 0.21539725981916713060 0.00000000099999999999 0.00000000099999999999 0.00000000099999999999 0.00000000099999999999 0.00000000099999999999 
0.00000000099999999972 0.00000000099999999972 0.00000000099999999972 0.00000000099999999972 0.99999999100000003249 0.00000000099999999972 0.00000000099999999972 0.00000000099999999972 0.00000000099999999972 0.00000000099999999972 
0.02047017217501682571 0.00000000099999999997 0.00000000099999999997 0.00000000099999999997 0.00000000099999999997 0.00000000099999999997 0.97952879605867981816 0.00000000099999999997 0.00000102476630337605 0.00000000099999999997 
0.00000000099999999999 0.16640677722582405962 0.61944611215068723364 0.00000000099999999999 0.21414706876632830235 0.00000000099999999999 0.00000000099999999999 0.00000001774692292285 0.00000000099999999999 0.00000001911023762572 
0.00000000099999999967 0.00000000099999999967 0.00000000099999999967 0.99999999100000003249 0.00000000099999999967 0.00000000099999999967 0.00000000099999999967 0.00000000099999999967 0.00000000099999999967 0.00000000099999999967 
0.00000000099999999954 0.00000000099999999954 0.00000000099999999954 0.00000000099999999954 0.00000000099999999954 0.00000000099999999954 0.00000000099999999954 0.99999999100000003249 0.00000000099999999954 0.00000000099999999954 
0.00000000100000000000 0.67785832778018373368 0.23365094001216288322 0.01128589747998479977 0.06623647418711642310 0.00056209668164776275 0.00000000100000000000 0.00152596602833173140 0.00887923157551228671 0.00000106425506042841 
0.00036375512985399578 0.70593779128792222277 0.20528633305032173428 0.00000000100000000000 0.07063877619043416878 0.01223933494652751017 0.00000083422776388024 0.00553271712447610080 0.00000045604270033191 0.00000000100000000000 
0.00000012864759306727 0.15873870975764309277 0.73661793626850813332 0.00000000100000000000 0.06667234138858571524 0.00410399025438921809 0.02904586284289614392 0.00000051773960943603 0.00000016290444122298 0.00482034919633388646 
0.00000000099999999998 0.18383738590301765270 0.60717020576538571763 0.00000017870141763419 0.20689637375860917001 0.00000000099999999998 0.00000000099999999998 0.00209585087156970379 0.00000000099999999998 0.00000000099999999998 
0.00000000099999999974 0.00000000099999999974 0.00000000099999999974 0.00000000099999999974 0.99999999100000003249 0.00000000099999999974 0.00000000099999999974 0.00000000099999999974 0.00000000099999999974 0.00000000099999999974 
0.00000000099999999953 0.00000000099999999953 0.00000000099999999953 0.00000000099999999953 0.00000000099999999953 0.00000000099999999953 0.00000000099999999953 0.99999999100000003249 0.00000000099999999953 0.00000000099999999953 
0.00000000099999999998 0.18229837620576580526 0.59858035547487575823 0.00000000099999999998 0.21912126131935852347 0.00000000099999999998 0.00000000099999999998 0.00000000099999999998 0.00000000099999999998 0.00000000099999999998 
0.00000000099999999970 0.00000000099999999970 0.00000000099999999970 0.99999999100000003249 0.00000000099999999970 0.00000000099999999970 0.00000000099999999970 0.00000000099999999970 0.00000000099999999970 0.00000000099999999970 
0.00000000099999999949 0.00000000099999999949 0.00000000099999999949 0.00000000099999999949 0.00000000099999999949 0.00000000099999999949 0.00000000099999999949 0.99999999100000003249 0.00000000099999999949 0.00000000099999999949 
0.00426787676706445220 0.66525861112228013017 0.19673349841728082765 0.00000000100000000000 0.09232095942328170934 0.01918026470846923015 0.00603895620925899105 0.00000662560448556064 0.00666705098291202683 0.00952615576496714835 
0.00349355176871833217 0.19220985703190895943 0.69096650634715406358 0.00000000100000000000 0.07060423141103100431 0.00047119432335299583 0.02305527701788433886 0.00980899115909435182 0.00006079456803774037 0.00932959537281810060 
0.00000044997819697081 0.17616278675733240688 0.80832967755409446120 0.00000000099999999999 0.01511060572873205825 0.00000000099999999999 0.00039643147419107051 0.00000004450745322561 0.00000000099999999999 0.00000000099999999999 
0.00015119145018176904 0.15633074548390116232 0.73482710262642303434 0.00000000099999999999 0.06567493704935178922 0.00000000099999999999 0.02353797659378619248 0.00975687892761496582 0.00000000099999999999 0.00972116486874112506 
0.00000208863804650193 0.20988654485639993141 0.69197329535300478032 0.00000000099999999999 0.05621002881957153779 0.00005799855438689428 0.03160080548088902569 0.00009900557184014993 0.00000000099999999999 0.01017023072586127445 
0.00000000099999999995 0.99999999100000025454 0.00000000099999999995 0.00000000099999999995 0.00000000099999999995 0.00000000099999999995 0.00000000099999999995 0.00000000099999999995 0.00000000099999999995 0.00000000099999999995 
0.99999999100000025454 0.00000000099999999976 0.00000000099999999976 0.00000000099999999976 0.00000000099999999976 0.00000000099999999976 0.00000000099999999976 0.00000000099999999976 0.00000000099999999976 0.00000000099999999976 
