0.16336558818532215254 0.38675408541481404168 0.44988032639986369476 
0.99999999800000005656 0.00000000099999999992 0.00000000099999999992 
0.02550344627979253889 0.86030712509331153104 0.11418942862689587803 
0.99999999799999994554 0.00000000099999999993 0.00000000099999999993 
0.06087705211658205051 0.85170327023437752967 0.08741967764904050309 
0.99999999800000005656 0.00000000099999999990 0.00000000099999999990 
0.99999999800000005656 0.00000000099999999994 0.00000000099999999994 
0.88310431759324359291 0.00000000099999999999 0.11689568140675644925 
0.99999999799999994554 0.00000000099999999991 0.00000000099999999991 
0.87682306675849430722 0.00000000099999999999 0.12317693224150567943 
0.99999999799999994554 0.00000000099999999992 0.00000000099999999992 
0.15825664589630125678 0.40506863569524775848 0.43667471840845095699 
0.99999999800000005656 0.00000000099999999992 0.00000000099999999992 
0.99999999800000005656 0.00000000099999999995 0.00000000099999999995 
0.99999999799999994554 0.00000000099999999991 0.00000000099999999991 
0.00000000099999999999 0.99999800987859122081 0.00000198912140886322 
0.13615136769376964820 0.39908792540028298346 0.46476070690594728507 
0.99999999800000005656 0.00000000099999999992 0.00000000099999999992 
0.87533724071045149184 0.00000000099999999999 0.12466275828954849481 
0.00000000099999999998 0.99999999800000005656 0.00000000099999999998 
0.14979723664475161349 0.39876965581618595280 0.45143310753906240596 
0.02315019843244233572 0.83747947622626572883 0.13937032534129192851 
0.07046083291881975741 0.82499668146627547216 0.10454248561490472880 
0.87385106248921118333 0.00000000099999999999 0.12614893651078887271 
0.15104037838866762877 0.40817699596190831768 0.44078262564942399804 
0.95291027620549650923 0.00000000099999999999 0.04708972279450358150 
0.00000000099999999998 0.37131760986124218160 0.62868238913875784668 
0.15626470017065674512 0.41574250905603349349 0.42799279077330970589 
0.13272202690028206407 0.40871286599476752688 0.45856510710495035354 
0.00008462787479179162 0.68050547358407786902 0.31940989854113038815 
0.00000000099999999999 0.99999763620445503154 0.00000236279554491395 
0.04747702691316638135 0.85621830681744681701 0.09630466626938680164 
0.14320699919069393435 0.40150393568753955931 0.45528906512176658961 
0.02841334134438480707 0.81304849569985149227 0.15853816295576372841 
0.07356407992495347936 0.82775542996291751052 0.09868049011212898236 
0.00000000099999999995 0.99999999799999994554 0.00000000099999999995 
0.15909257606558394049 0.40007348025554384519 0.44083394367887218657 
0.99999999800000005656 0.00000000099999999998 0.00000000099999999998 
0.99999999800000005656 0.00000000099999999997 0.00000000099999999997 
0.00000000099999999998 0.00085416357607446939 0.99914583542392554349 
0.15278872851611147166 0.37386726470443903958 0.47334400677944948876 
0.00000158963049700593 0.67901330011712768275 0.32098511025237519423 
0.00000000099999999998 0.00000000099999999998 0.99999999800000005656 
0.13463614481006866419 0.42870569750788012353 0.43665815768205107350 
0.13959665592945541546 0.41678918849384027911 0.44361415557670436094 
0.02967000206281465366 0.82155462469942697190 0.14877537323775824607 
0.05196603826327955006 0.85930820386437556380 0.08872575787234492084 
0.00000000099999999993 0.99999999800000005656 0.00000000099999999993 
0.00000000099999999998 0.99999999799999994554 0.00000000099999999998 
0.00000000099999999998 0.99999999799999994554 0.00000000099999999998 
0.14860420749729857937 0.40822562907934500931 0.44317016342335646684 
0.87926177353989454222 0.00000000099999999999 0.12073822546010552770 
0.00000000099999999998 0.00000000099999999998 0.99999999799999994554 
0.13857426968154967772 0.37021999580013048581 0.49120573451831983647 
0.00075267698957609335 0.66531594938833216180 0.33393137362209179830 
0.00000000099999999998 0.00000027980979840003 0.99999971919020158584 
0.12904574553594910791 0.44220702056664296098 0.42874723389740793111 
0.15556819225385473682 0.40164566594361450491 0.44278614180253078603 
0.03309688414830854603 0.81306127984093756744 0.15384183601075387959 
0.05610175937801552271 0.84315810979387706414 0.10074013082810746866 
0.06076370071276013946 0.83968195447850035862 0.09955434480873957825 
0.00000000099999999999 0.99999998844253334962 0.00000001055746661195 
0.13625703213897119581 0.42412726536057265836 0.43961570250045622910 
0.99999999799999994554 0.00000000099999999997 0.00000000099999999997 
0.00000000099999999993 0.99999999800000005656 0.00000000099999999993 
0.00000000099999999998 0.00000000099999999998 0.99999999799999994554 
0.88331900910927951820 0.00000000099999999999 0.11668098989072045457 
0.00000000100000000000 0.67253001764447051247 0.32746998135552957132 
0.00000000099999999998 0.00000376106946884881 0.99999623793053127319 
0.00000000099999999993 0.99999999799999994554 0.00000000099999999993 
0.03280774206298566614 0.82481487163086464331 0.14237738630614954483 
0.99999999799999994554 0.00000000099999999997 0.00000000099999999997 
0.06024451375604115977 0.84650129364895043693 0.09325419259500836167 
0.00000000099999999998 0.99999999799999994554 0.00000000099999999998 
0.99999999800000005656 0.00000000099999999997 0.00000000099999999997 
0.00000002004421373958 0.67952180590017219330 0.32047817405561390691 
0.86760167176934810396 0.00000000099999999999 0.13239832723065178555 
0.00445160488426886176 0.66449060687350425258 0.33105778824222686918 
0.00000000099999999998 0.99999999800000005656 0.00000000099999999998 
0.00000000099999999998 0.00000079940830608378 0.99999919959169381034 
0.03331471335178507603 0.80167889911337320008 0.16500638753484181409 
0.07208886078970952460 0.81997557731787928947 0.10793556189241118592 
0.05329599917606799020 0.87035137725469446934 0.07635262356923742944 
0.15168872242595407562 0.42571951368298904805 0.42259176389105679306 
0.99675028599343407087 0.00000000099999999999 0.00324971300656598690 
0.00002096581442732597 0.66822735187787640765 0.33175168230769624955 
0.03994344442927459660 0.88528128013324447476 0.07477527543748108130 
0.06148045168492222157 0.83884167074680304754 0.09967787756827460599 
0.00000000099999999999 0.99999999592959754047 0.00000000307040246119 
0.00605443206065506539 0.66710383341108192568 0.32684173452826298378 
0.06324704751343367126 0.85532571419779435118 0.08142723828877194980 
0.02642125201177835184 0.81084114880400492975 0.16273759918421679127 
0.00000000099999999999 0.01890612697509726214 0.98109387202490272450 
0.99999999799999994554 0.00000000099999999991 0.00000000099999999991 
0.28835582921024066616 0.12449535023605026729 0.58714882055370898328 
0.64063858744887702823 0.00000000139484254230 0.35936141115628050802 
0.00000000099999999999 0.03944727937209453056 0.96055271962790544915 
0.19837321575628172332 0.45990228179188769042 0.34172450245183066952 
0.29218010431680374595 0.12528123675232111234 0.58253865893087519723 
0.99999999800000005656 0.00000000099999999992 0.00000000099999999992 
0.00000000099999999998 0.34266720877357442765 0.65733279022642554512 
0.00000000099999999998 0.32669880723559574509 0.67330119176440417217 
0.18082905649865901876 0.33817059946188543496 0.48100034403945546302 
0.27816555285603189462 0.13871895156483282641 0.58311549557913533448 
0.63568084393643053964 0.00000000100000000000 0.36431915506356954415 
0.00000000099999999998 0.01749524150315509563 0.98250475749684496041 
0.30141630019553278252 0.11779741630215467829 0.58078628350231265021 
0.00000000099999999998 0.00000000099999999998 0.99999999800000005656 
0.00000000099999999998 0.37900607907391331564 0.62099391992608665714 
0.00000000099999999998 0.35566306450042139975 0.64433693449957851751 
0.00000000099999999998 0.29820652107522321872 0.70179347792477675405 
0.28038711736147270415 0.13162240363871383075 0.58799047899981349286 
0.63979277357667452275 0.00003413746595299745 0.36017308895737248919 
0.00000000099999999999 0.03063774412175932285 0.96936225487824057012 
0.18938986394951740078 0.46008312748112500934 0.35052700856935758988 
0.28401432997605685626 0.12107481364544477043 0.59491085637849838719 
0.00000000099999999998 0.00633157062494936734 0.99366842837505064967 
0.00000000099999999999 0.31215295352675881402 0.68784704547324126978 
0.00000000099999999999 0.33073753178844950140 0.66926246721155036035 
0.99999999800000005656 0.00000000099999999992 0.00000000099999999992 
0.00000000099999999998 0.30192283367156130813 0.69807716532843866464 
0.28047380988034359417 0.13472149018963497369 0.58480469993002137663 
0.65309707669305816502 0.00000000099999999999 0.34690292230694197428 
0.00000000099999999998 0.02359093831153819334 0.97640906068846189392 
0.19373412088375505102 0.46947792022987316907 0.33678795888637175215 
0.27165347070457013245 0.12245649443749526131 0.60589003485793457848 
0.13152797036293889521 0.43600761972199603145 0.43246440991506501783 
0.00000000099999999998 0.29589641565655655508 0.70410358334344347320 
0.00000000099999999998 0.29389324084890422473 0.70610675815109569253 
0.99999999800000005656 0.00000000099999999992 0.00000000099999999992 
0.00000000099999999998 0.27612712370163944309 0.72387287529836064071 
0.27459400289679591900 0.14794103119887072606 0.57746496590433338270 
0.64295700436400549105 0.00000000099999999999 0.35704299463599448172 
0.00000000099999999998 0.02727187508353696652 0.97272812391646301666 
0.20003859657737854683 0.46667138666978713601 0.33329001675283420614 
0.28443517169646403975 0.11489796961431332500 0.60066685868922264913 
0.00000000099999999998 0.29948340905154391400 0.70051658994845611428 
0.19622499924062791754 0.29960666060003371403 0.50416834015933842394 
0.00000000099999999998 0.29207565054225725909 0.70792434845774265817 
0.00000000099999999998 0.27131366527909273056 0.72868633372090729772 
0.22018512762337455468 0.16875026618182395466 0.61106460619480162944 
0.29419453756994162763 0.14646042910020373728 0.55934503332985463508 
0.65614271579445626603 0.00000000100000000000 0.34385728320554365123 
0.00000000099999999998 0.01075056775070176718 0.98924943124929831662 
0.29928021524125308916 0.11865701477256179741 0.58206276998618522445 
0.99999999799999994554 0.00000000099999999990 0.00000000099999999990 
0.00000000099999999999 0.28497554773508187997 0.71502445126491798177 
0.19260418179134528027 0.31596132393088877111 0.49143449427776586536 
0.21163982880520940122 0.15379143538411213510 0.63456873581067829715 
0.18853194507960474580 0.30638033638917783197 0.50508771853121736672 
0.21877368611148775845 0.15350906865023095094 0.62771724523828142939 
0.28675561707225577512 0.12061433703575256959 0.59263004589199164140 
0.63697395528318090374 0.00000000099999999999 0.36302604371681912454 
0.00000000099999999998 0.01800863283094727985 0.98199136616905269292 
0.28564126056978783597 0.13310694850796506161 0.58125179092224710242 
0.99999999799999994554 0.00000000099999999991 0.00000000099999999991 
0.19137307206301537588 0.45017705608731051203 0.35844987184967408433 
0.20510968306610555256 0.30847582262777001327 0.48641449430612443416 
0.18949390350989123166 0.32201483021297022669 0.48849126627713856941 
0.22740144371120074585 0.15923567309599695463 0.61336288319280229953 
0.28143034993872240168 0.11941716838971550008 0.59915248167156209824 
0.63748311506702814988 0.00000000099999999999 0.36251688393297182289 
0.19098719852487391901 0.47222101415059475338 0.33679178732453129985 
0.29262645403554987666 0.13754726183918616900 0.56982628412526392658 
0.99999999799999994554 0.00000000099999999991 0.00000000099999999991 
0.19734550008069995375 0.45203627857453770877 0.35061822134476239299 
0.18413371528755204110 0.32402382426929615677 0.49184246044315177437 
0.22797593649051126063 0.16606368441640456668 0.60596037909308420044 
0.21787439815433556900 0.15811024697849260234 0.62401535486717185641 
0.22583411918577175892 0.15110012301448427774 0.62306575779974393559 
0.21097007389668265276 0.16460746133020923154 0.62442246477310814345 
0.16236306874004699519 0.41265450571540018831 0.42498242554455284425 
0.00000000099999999994 0.99999999799999994554 0.00000000099999999994 
0.06592212644265206534 0.83410673982556227113 0.09997113373178569129 
0.06032565057050189028 0.83682278247065011723 0.10285156695884807576 
0.18814608237262961388 0.46598300168642142749 0.34587091594094893088 
0.00000000099999999993 0.99999999799999994554 0.00000000099999999993 
0.04075551354714750801 0.87074417964635042466 0.08850030680650194936 
0.12393107563682519145 0.44972156257555762071 0.42634736178761711844 
0.12754025706041149935 0.41640116731083826052 0.45605857562875024014 
0.14549274656623140123 0.39027853843845417003 0.46422871499531442874 
0.00000000099999999998 0.00000000099999999998 0.99999999799999994554 
0.00000000099999999999 0.03011083984029653410 0.96988915915970341786 
0.23118984553069096832 0.09118088912123782641 0.67762926534807121914 
0.11324047813954377095 0.43866566611067958625 0.44809385574977661504 
0.04751587515056306804 0.79596275689296303035 0.15652136795647392242 
0.00000000099999999998 0.99999999800000005656 0.00000000099999999998 
0.00000000099999999996 0.99999999799999994554 0.00000000099999999996 
0.06312603557364718232 0.85537993948754409423 0.08149402493880864018 
0.21182403688158907284 0.22936124910647331943 0.55881471401193760773 
0.23165600123267854338 0.10791568457327815889 0.66042831419404324222 
0.11799642093463391657 0.45744469591675196440 0.42455888314861406352 
0.14507876885370318831 0.40678938564213829032 0.44813184550415852136 
0.00000000099999999999 0.91269827067122788478 0.08730172832877219902 
0.00000000099999999999 0.99994748323593662942 0.00005251576406333375 
0.00000000099999999997 0.99999999799999994554 0.00000000099999999997 
0.22109676195926974973 0.09374915770896520562 0.68515408033176505853 
0.06285246917388891130 0.84658988752518915533 0.09055764330092197500 
0.21686886152916493020 0.23177841211716021519 0.55135272635367471583 
0.10643800650526440144 0.46265924773225752809 0.43090274576247811211 
0.15530308511121176940 0.37466308379860302491 0.47003383109018515018 
0.00000000099999999999 0.91595540093607574761 0.08404459806392421128 
0.00000000099999999999 0.99999994598629049491 0.00000005301370952294 
0.21968610485091832896 0.11088048192031524364 0.66943341322876637189 
0.06276849025520078729 0.86604351478175034540 0.07118799496304889507 
0.19458300661288796540 0.22038196443996277418 0.58503502894714931593 
0.11554634702642271882 0.45075890031973075978 0.43369475265384649365 
0.14020522112761044098 0.39630305546567035080 0.46349172340671923598 
0.00000000099999999999 0.95905401808922197127 0.04094598091077811947 
0.00000000099999999999 0.99171742242831029124 0.00828257657168969021 
0.00000000099999999997 0.99999999800000005656 0.00000000099999999997 
0.04926091636870043311 0.80850871698529858111 0.14223036664600102741 
0.06164402247966174059 0.82573403854868165919 0.11262193897165655165 
0.20129682444258789609 0.23068282456742528197 0.56802035098998682194 
0.10462764907587919494 0.46835413660093050403 0.42701821432319025940 
0.14328661914669385546 0.38443928936017385256 0.47227409149313231973 
0.00000000099999999999 0.90407798797143745784 0.09592201102856257044 
0.00000000099999999999 0.98944479744891866702 0.01055520155108150351 
0.00000000099999999997 0.99999999799999994554 0.00000000099999999997 
0.04135029713584970762 0.81860270899609755002 0.14004699386805269379 
0.04315745108951059283 0.88329291847756163936 0.07354963043292785108 
0.20908959016416073240 0.20810949121837066245 0.58280091861746852189 
0.11384145754848833121 0.46272874200668323574 0.42342980044482853019 
0.14258852678302147421 0.39791054731233971298 0.45950092590463870179 
0.00000000099999999999 0.90626910849691388883 0.09373089050308608394 
0.00000000099999999999 0.98531429785922564069 0.01468570114077430086 
0.00000000099999999997 0.99999999799999994554 0.00000000099999999997 
0.06177477023394898487 0.84385523839429332771 0.09436999137175769437 
0.20485053566197150565 0.22627016321507315011 0.56887930112295537199 
0.10945125558274916566 0.46611425005368367636 0.42443449436356722737 
0.21731054724420442725 0.10130756541669164172 0.68138188733910398653 
0.14830263278272889926 0.38142518807432351791 0.47027217914294761059 
0.00000000099999999999 0.95457771873224506187 0.04542228026775494559 
0.00000000099999999999 0.99216321039587918040 0.00783678860412087043 
0.04988221587002035495 0.79243725685913746215 0.15768052727084211351 
0.06192985466795079830 0.83872734201974241675 0.09934280331230668781 
0.13400903971440128459 0.42249059356362472784 0.44350036672197395982 
0.20997948730265450501 0.24328716886796478147 0.54673334382938076903 
0.11685383681453219429 0.46797043945084243477 0.41517572373462524604 
0.11829512358408282580 0.42672473384770714944 0.45498014256821012191 
0.00000000099999999999 0.93840451045346728876 0.06159548854653276728 
0.00000000099999999999 0.99805162084587972782 0.00194837815412034622 
0.00000000099999999998 0.00006722928950933856 0.99993276971049060986 
0.04490546606989113954 0.81283692062975254622 0.14225761330035638363 
0.00000000099999999997 0.99999999799999994554 0.00000000099999999997 
0.05149098613679005398 0.84145113303209462252 0.10705788083111529574 
0.19932336026895333680 0.21992342385854024567 0.58075321587250638977 
0.11211435009471523716 0.48939690805650432059 0.39848874184878035898 
0.15267286904164095729 0.39145903575141627329 0.45586809520694282494 
0.00000000099999999999 0.90402020514102654491 0.09597979385897356663 
0.00000000099999999999 0.99959258282963359132 0.00040741617036628837 
0.00000000099999999998 0.45148291477081475831 0.54851708422918521446 
0.22237074902003084453 0.11369665679834291272 0.66393259418162620111 
0.00000000099999999996 0.99999999799999994554 0.00000000099999999996 
0.00000000099999999997 0.00000000099999999997 0.99999999799999994554 
0.04494368123909815022 0.79794770249342161783 0.15710861626748026665 
0.00000000099999999998 0.02990465674383849942 0.97009534225616156355 
0.00000000099999999998 0.43275638862766130366 0.56724361037233883565 
0.00000000099999999998 0.00000000099999999998 0.99999999799999994554 
0.00000000099999999998 0.44347315915401569475 0.55652683984598427802 
0.00000000099999999996 0.99999999799999994554 0.00000000099999999996 
0.21708317540525029488 0.10627122419908366369 0.67664560039566601368 
0.00000000099999999998 0.45240535171563217576 0.54759464728436768599 
0.00000000099999999998 0.44042021660211949641 0.55957978239788042085 
0.01795374540509574526 0.94379173609320021754 0.03825451850170417251 
0.05436624016999991316 0.85853866361221020664 0.08709509621778983857 
0.05741960761085506543 0.84236257747794351936 0.10021781491120133889 
0.08399759323521992227 0.81154647536430069010 0.10445593140047938763 
0.09054733909077743170 0.78095997769797997901 0.12849268321124254766 
0.09541368772094366291 0.78386392567869844772 0.12072238660035776447 
0.08431007655674939427 0.80814528022493214987 0.10754464321831848361 
0.00000000099999999997 0.00000000099999999997 0.99999999799999994554 
0.00000000099999999996 0.00000000099999999996 0.99999999800000005656 
0.00000000099999999995 0.00000000099999999995 0.99999999799999994554 
0.00000000099999999996 0.00000000099999999996 0.99999999800000005656 
0.00000000099999999996 0.00000000099999999996 0.99999999800000005656 
0.05363649966103720829 0.84206204366588832677 0.10430145667307444413 
0.05081276906945877275 0.87157907622070307507 0.07760815470983810360 
0.12080717992976595931 0.43556948695465580457 0.44362333311557816673 
0.00000000099999999997 0.00000000099999999997 0.99999999800000005656 
0.99999999799999994554 0.00000000099999999993 0.00000000099999999993 
0.00000000099999999997 0.00000000099999999997 0.99999999799999994554 
0.21351797428449140193 0.12295512261866679837 0.66352690309684181358 
0.00000000099999999999 0.98038585788158594259 0.01961414111841418284 
0.99999999800000005656 0.00000000099999999991 0.00000000099999999991 
0.99999999799999994554 0.00000000099999999990 0.00000000099999999990 
0.00000000099999999997 0.00000000099999999997 0.99999999800000005656 
0.00000000099999999994 0.99999999800000005656 0.00000000099999999994 
0.00001161990958301321 0.68410726171246105665 0.31588111837795601611 
0.13197560814439729393 0.42802345142907066711 0.44000094042653203896 
0.99999999799999994554 0.00000000099999999994 0.00000000099999999994 
0.99999999800000005656 0.00000000099999999992 0.00000000099999999992 
0.22450768728484374326 0.12684415984029628888 0.64864815287485999562 
0.00000000099999999999 0.90797747598059308505 0.09202252301940691548 
0.99999999800000005656 0.00000000099999999992 0.00000000099999999992 
0.99999999799999994554 0.00000000099999999989 0.00000000099999999989 
0.00000000099999999996 0.00000000099999999996 0.99999999800000005656 
0.00000000099999999997 0.99999999800000005656 0.00000000099999999997 
0.00102342673486286112 0.70366590588401978223 0.29531066738111727554 
0.12697963350105215263 0.43482695172674490358 0.43819341477220286052 
0.99999999800000005656 0.00000000099999999991 0.00000000099999999991 
0.99999999800000005656 0.00000000099999999992 0.00000000099999999992 
0.00000000099999999997 0.00000000099999999997 0.99999999800000005656 
0.23615665047609474270 0.10710112119779886808 0.65674222832610640310 
0.00000000099999999999 0.99996315690220705097 0.00003684209779292842 
0.99999999800000005656 0.00000000099999999991 0.00000000099999999991 
0.99999999799999994554 0.00000000099999999990 0.00000000099999999990 
0.00000000099999999996 0.99999999800000005656 0.00000000099999999996 
0.00444060014476555659 0.68637974220677411274 0.30917965764846028209 
0.11665343452260536206 0.42172915634500035553 0.46161740913239435180 
0.99999999799999994554 0.00000000099999999990 0.00000000099999999990 
0.99999999800000005656 0.00000000099999999992 0.00000000099999999992 
0.00000000099999999998 0.00000009671869848276 0.99999990228130153369 
0.22192999471372676368 0.11744865396539259927 0.66062135132088062317 
0.00000000099999999999 0.99982127189383640520 0.00017872710616357332 
0.99999999799999994554 0.00000000099999999991 0.00000000099999999991 
0.99999999799999994554 0.00000000099999999990 0.00000000099999999990 
0.09765487165763094002 0.77995657593599321267 0.12238855240637581956 
0.00354828950479492162 0.70226784768562977579 0.29418386280957542489 
0.15261094510760342402 0.37699867326293773351 0.47039038162945889798 
0.99999999799999994554 0.00000000099999999991 0.00000000099999999991 
0.99999999799999994554 0.00000000099999999991 0.00000000099999999991 
0.00000000099999999996 0.00000000099999999996 0.99999999799999994554 
0.22715948584740322524 0.10847539226060497197 0.66436512189199192768 
0.00000000099999999998 0.99999999799999994554 0.00000000099999999998 
0.99999999800000005656 0.00000000099999999992 0.00000000099999999992 
0.99999999800000005656 0.00000000099999999989 0.00000000099999999989 
0.09729803452913536599 0.77552120115840539327 0.12718076431245925462 
0.00000000099999999999 0.13458643759581503940 0.86541356140418501663 
0.00000000099999999996 0.00000000099999999996 0.99999999800000005656 
0.99999999800000005656 0.00000000099999999991 0.00000000099999999991 
0.99999999800000005656 0.00000000099999999992 0.00000000099999999992 
0.00000000099999999998 0.03625767344780374962 0.96374232555219618845 
0.24238272250875514402 0.10962759402558709676 0.64798968346565777310 
0.00000000099999999999 0.99560151930574447565 0.00439847969425543554 
0.99999999799999994554 0.00000000099999999991 0.00000000099999999991 
0.99999999800000005656 0.00000000099999999989 0.00000000099999999989 
0.09989551683430512863 0.78584402012233223189 0.11426046304336261172 
0.00796998266962969590 0.11214388793900691155 0.87988612939136334745 
0.00000000099999999997 0.00000000099999999997 0.99999999800000005656 
0.99999999800000005656 0.00000000099999999991 0.00000000099999999991 
0.99999999799999994554 0.00000000099999999992 0.00000000099999999992 
0.00000000099999999998 0.01534662254334290266 0.98465337645665695909 
0.24221045322336048899 0.10399171242652457958 0.65379783435011495918 
0.00000622752023097913 0.92632249887390172294 0.07367127360586721296 
0.99999999800000005656 0.00000000099999999991 0.00000000099999999991 
0.99999999800000005656 0.00000000099999999990 0.00000000099999999990 
0.00000000099999999999 0.11891606779022192986 0.88108393120977812618 
0.13079817640738744533 0.44696840126056336384 0.42223342233204924634 
0.00000000099999999997 0.00000000099999999997 0.99999999800000005656 
0.99999999800000005656 0.00000000099999999991 0.00000000099999999991 
0.00000000099999999997 0.00000000099999999997 0.99999999799999994554 
0.23727077440572441613 0.11306452505315002510 0.64966470054112557264 
0.00000000099999999999 0.99999999227992319994 0.00000000672007680677 
0.00000000099999999996 0.00000000099999999996 0.99999999800000005656 
0.99999999799999994554 0.00000000099999999995 0.00000000099999999995 
0.99999999800000005656 0.00000000099999999990 0.00000000099999999990 
0.00000000099999999995 0.99999999800000005656 0.00000000099999999995 
0.04158345034915297833 0.81784435381010978094 0.14057219584073721297 
0.04255929589487988246 0.80942368374327922087 0.14801702036184086198 
0.22211754439348249668 0.10411371267155605791 0.67376874293496125112 
0.00000000099999999996 0.99999999800000005656 0.00000000099999999996 
0.00000000100000000000 0.11397278334912828990 0.88602721565087183553 
0.07323825054639529486 0.82813690520692451180 0.09862484424668015170 
0.31597902572052821712 0.13270586361683189836 0.55131511066263982901 
0.89795723228118240478 0.01555737826818347908 0.08648538945063419248 
0.00000000099999999998 0.43462108014777206533 0.56537891885222790744 
0.00072086787922523508 0.69061821989880034511 0.30866091222197444832 
0.28391265616961647300 0.11535183060849887871 0.60073551322188467605 
0.00000000099999999998 0.28934338151219174406 0.71065661748780817319 
0.00002054925285893416 0.68575792020310399888 0.31422153054403711980 
0.11464487535347737956 0.17586024984481540834 0.70949487480170725373 
0.00000000099999999998 0.31854584198086305369 0.68145415701913680806 
0.00000000099999999997 0.29259018130597547191 0.70740981769402444534 
0.15451820225883389215 0.20663858208177118825 0.63884321565939494736 
0.00000000099999999997 0.27412106427675414499 0.72587893472324582778 
0.00000000099999999998 0.26802934384024174053 0.73197065515975823224 
0.11802242411885374707 0.15058011208892571609 0.73139746379222059236 
0.00000000099999999998 0.29418403968678014104 0.70581595931321983173 
0.00000000099999999997 0.28803968185944023306 0.71196031714055973971 
0.99999999800000005656 0.00000000099999999992 0.00000000099999999992 
0.05899321938441575569 0.13010422852961800455 0.81090255208596628833 
0.29262152543587710563 0.00000000693874619196 0.70737846762537659462 
0.00000000099999999998 0.28420698719568660007 0.71579301180431342821 
0.99999999799999994554 0.00000000099999999992 0.00000000099999999992 
0.12814572627724088449 0.44071637619069387037 0.43113789753206532840 
0.00000190923417652420 0.71250795849914805302 0.28749013226667541332 
0.92332417231633578947 0.00000000099999999999 0.07667582668366425269 
0.00000000099999999998 0.99995120791728020482 0.00004879108271976308 
0.95489399652562323428 0.03450521460889669628 0.01060078886548011107 
0.24967558454598828832 0.19042684155858963235 0.55989757389542205157 
0.99999999800000005656 0.00000000099999999991 0.00000000099999999991 
0.00000000099999999999 0.03040252630670818232 0.96959747269329188413 
0.99999999799999994554 0.00000000099999999992 0.00000000099999999992 
0.06562537833806419973 0.81508067225783509269 0.11929394940410069370 
0.93950793290855050266 0.01346709826325713684 0.04702496882819232754 
0.15986148441818706645 0.39542008868084954631 0.44471842690096330397 
0.14220235610692383288 0.36246184595455777089 0.49533579793851845174 
0.00000000099999999997 0.00000000099999999997 0.99999999799999994554 
0.13050272937675344576 0.37648749181650803530 0.49300977880673846343 
0.00000000099999999999 0.02008588674765466806 0.97991411225234525961 
0.15567133150457632129 0.34293614521264059736 0.50139252328278305360 
0.00000008771599861594 0.93476761356838444783 0.06523229871561703197 
0.13810318436080643023 0.77704981926343863474 0.08484699637575499054 
0.30294416611435331932 0.00000000099999999999 0.69705583288564654243 
0.09203629038851043886 0.79748136992672380430 0.11048233968476581235 
0.91182692593772585177 0.00000000099999999999 0.08817307306227416264 
0.23442174575480589915 0.20400195999756554066 0.56157629424762856019 
0.14916006350635926947 0.35489646066841695760 0.49594347582522374518 
0.29253529629354851904 0.10912166134767134484 0.59834304235878021938 
0.99999999800000005656 0.00000000099999999990 0.00000000099999999990 
0.28479522046698885207 0.00002399941692533475 0.71518078011608587907 
0.99999999799999994554 0.00000000099999999991 0.00000000099999999991 
0.00000000099999999996 0.00000000099999999996 0.99999999799999994554 
0.92288560799933994083 0.00000000099999999999 0.07711439100066018459 
0.24819283858993462788 0.19775270300283889768 0.55405445840722655770 
0.14988488549247971915 0.36407519191153214777 0.48603992259598816084 
0.96443420096147491893 0.03556579803852508159 0.00000000099999999999 
0.28122114033062384220 0.12118976355342553353 0.59758909611595067979 
0.28761477637564875076 0.00019920830890704131 0.71218601531544423189 
0.28701788953646140135 0.01168349815310984995 0.70129861231042867065 
0.99999999799999994554 0.00000000099999999992 0.00000000099999999992 
0.00000000099999999998 0.00000000099999999998 0.99999999800000005656 
0.92372864364309836827 0.00000000099999999999 0.07627135535690159063 
0.26058355627407897570 0.17077581793230808827 0.56864062579361296379 
0.96890508011470855010 0.03109491888529148165 0.00000000099999999999 
0.28699873102845785411 0.11936495734581895056 0.59363631162572316757 
0.99999999799999994554 0.00000000099999999992 0.00000000099999999992 
0.29811400740759197436 0.00045345771838255206 0.70143253487402545954 
0.99999999799999994554 0.00000000099999999992 0.00000000099999999992 
0.00000000099999999997 0.00000000099999999997 0.99999999799999994554 
0.93077532518725758504 0.00000000099999999999 0.06922467381274248488 
0.25254234899284017102 0.19981693888332896503 0.54764071212383080844 
0.92578563411248460113 0.00000000099999999999 0.07421436488751548266 
0.97780068808145914616 0.02219931091854095498 0.00000000099999999999 
0.29315115647849920855 0.12730831832508127111 0.57954052519641952035 
0.29762755192269085835 0.00722209475530280129 0.69515035332200625362 
0.00000000099999999996 0.00000000099999999996 0.99999999800000005656 
0.91756600411838307174 0.00000000099999999999 0.08243399488161695654 
0.24845547331516221190 0.18018734972244698778 0.57135717696239085583 
0.25779342142440181407 0.18196484750439290146 0.56024173107120533999 
0.99999999799999994554 0.00000000099999999998 0.00000000099999999998 
0.29429953817154386186 0.11174445300522976854 0.59395600882322652225 
0.29518727255046744995 0.00002454029591544351 0.70478818715361712943 
0.99999999800000005656 0.00000000099999999992 0.00000000099999999992 
0.15079689289943246089 0.41395525573444746925 0.43524785136612015313 
0.92123735778625914783 0.00000000099999999999 0.07876264121374076943 
0.24218257361720177401 0.20616699134112770331 0.55165043504167055044 
0.15301186681996065131 0.35340807957924852412 0.49358005360079082458 
0.80104437198017230948 0.03917239017128287815 0.15978323784854484013 
0.30867754240310590896 0.12271643999383813339 0.56860601760305595764 
0.00000000099999999999 0.43683955426903525732 0.56316044473096471545 
0.00304120663924720364 0.69165281294603531137 0.30530598041471762594 
