0.00007608245331913449 0.28115818116541113625 0.70509066788798191450 0.01367506849328789346 
0.99999999699999997382 0.00000000099999999990 0.00000000099999999990 0.00000000099999999990 
0.00000000099999999999 0.80122037795018685724 0.19877952306502805202 0.00000009798478510156 
0.99999999699999997382 0.00000000099999999990 0.00000000099999999990 0.00000000099999999990 
0.00494328350774997372 0.75839580338225220935 0.23666091210999773420 0.00000000099999999999 
0.99999999699999997382 0.00000000099999999988 0.00000000099999999988 0.00000000099999999988 
0.99999999699999997382 0.00000000099999999992 0.00000000099999999992 0.00000000099999999992 
0.75902637544535078717 0.00000000099999999997 0.24097362255464929714 0.00000000099999999997 
0.99999999700000008485 0.00000000099999999988 0.00000000099999999988 0.00000000099999999988 
0.75241031075861519728 0.00000000099999999997 0.24758968724138469275 0.00000000099999999997 
0.99999999700000008485 0.00000000099999999990 0.00000000099999999990 0.00000000099999999990 
0.00304170145852734062 0.30121508388529044664 0.69269474629423422041 0.00304846836194810379 
0.99999999699999997382 0.00000000099999999990 0.00000000099999999990 0.00000000099999999990 
0.99999999699999997382 0.00000000099999999995 0.00000000099999999995 0.00000000099999999995 
0.99999999700000008485 0.00000000099999999989 0.00000000099999999989 0.00000000099999999989 
0.00000000099999999999 0.99005730390928770035 0.00109294931283865772 0.00884974577787356852 
0.00000000099999999999 0.29750788462708199766 0.68586972571868398685 0.01662238865423393969 
0.99999999700000008485 0.00000000099999999989 0.00000000099999999989 0.00000000099999999989 
0.75574676874416613082 0.00000000099999999997 0.24425322925583389799 0.00000000099999999997 
0.00000000099999999999 0.99987525665287779741 0.00010911879422521815 0.00001562355289684635 
0.00035832598580726524 0.29619499238153940146 0.68804783059459895256 0.01539885103805450212 
0.00000000099999999999 0.78041624204597404013 0.21927749215327024812 0.00030626480075581202 
0.01770997002027010353 0.74800240756414770882 0.23428762141558232002 0.00000000100000000000 
0.74652575415660604730 0.00000000099999999997 0.25347424384339400927 0.00000000099999999997 
0.00000000100000000000 0.29916116684426785621 0.70083875541692897126 0.00000007673880313228 
0.87036778003768644485 0.00000000099999999997 0.12963221796231358396 0.00000000099999999997 
0.00000000099999999997 0.35111615898903275612 0.00000000099999999997 0.64888383901096735595 
0.00000035949510637724 0.30708966071707044510 0.69290997870269821490 0.00000000108512483284 
0.00000000100000000000 0.31044969498072699787 0.67023991466902133052 0.01931038935025153683 
0.00000000099999999999 0.64287165038437521503 0.17783903802096687197 0.17928931059465796904 
0.00000000099999999999 0.98273882654085753519 0.01710301351748103049 0.00015815894166140875 
0.00000000099999999999 0.76370354678425367290 0.23629645121574635591 0.00000000099999999999 
0.00000061613013112678 0.30265456652155647843 0.67821392989099715809 0.01913088745731523696 
0.00000000099999999999 0.75091430086329580273 0.23833626040427782766 0.01074943773242634237 
0.01645009191683966671 0.73997348267343854289 0.24357642440972174236 0.00000000100000000000 
0.00000000099999999993 0.99999999700000008485 0.00000000099999999993 0.00000000099999999993 
0.00043353752041573108 0.29327722265623396014 0.70298266079913174220 0.00330657902421852478 
0.95186849270644346976 0.00000000099999999997 0.04813150529355663537 0.00000000099999999997 
0.96876259955151056147 0.00000000099999999997 0.03123739844848930775 0.00000000099999999997 
0.00000000099999999998 0.00000000099999999998 0.00000000099999999998 0.99999999700000008485 
0.00000000250678609778 0.27011936627053539928 0.70782478780574453747 0.02205584341693393735 
0.00000000099999999999 0.64051295513074935073 0.20850162461303020645 0.15098541925622055437 
0.00000000099999999997 0.00000000099999999997 0.00000000099999999997 0.99999999699999997382 
0.00101139926002578612 0.33281807612476610458 0.63412826601526339765 0.03204225859994486170 
0.00000872951725431925 0.32152376321804787551 0.66299312894620510139 0.01547437831849278987 
0.00000000100000000000 0.76351728969955190429 0.22246253112988231826 0.01402017817056569991 
0.00879690015827833474 0.78737946131963854057 0.20382363752208310093 0.00000000100000000000 
0.00000000099999999991 0.99999999700000008485 0.00000000099999999991 0.00000000099999999991 
0.00000000099999999999 0.98549710080202368445 0.01450289719797637558 0.00000000099999999999 
0.00000000099999999999 0.99999998972264458885 0.00000000827735543534 0.00000000099999999999 
0.00000000100000000000 0.30560490561254000097 0.69375200807489378896 0.00064308531256613210 
0.76332567083861269097 0.00000000099999999998 0.23667432716138733784 0.00000000099999999998 
0.00000000099999999997 0.00000000099999999997 0.00000000099999999997 0.99999999700000008485 
0.00000000099999999999 0.26922536740082014806 0.70534249872027310335 0.02543213287890680810 
0.00000000099999999999 0.62602919299755288574 0.20688000147971752352 0.16709080452272956352 
0.00000000099999999997 0.00000000099999999997 0.00000000099999999997 0.99999999700000008485 
0.00000000655244240650 0.34734631802464754902 0.63279723468947579601 0.01985644073343421911 
0.00000000100000000000 0.29587086219395491993 0.70401598810173970922 0.00011314870430538819 
0.00000000100000000000 0.75784953716161251869 0.23005658278473492540 0.01209387905365256512 
0.00000000099999999999 0.74449899584912515582 0.25550100215087478972 0.00000000099999999999 
0.00473231677423464458 0.75103189926179381164 0.24423578296397152609 0.00000000100000000000 
0.00000000099999999999 0.98715401946366110320 0.01283912253777867891 0.00000685699856021887 
0.00000000538358894960 0.32915396878011426995 0.65528798935974374995 0.01555803647655305301 
0.97794544276460515508 0.00000000099999999997 0.02205455523539476270 0.00000000099999999997 
0.00000000099999999990 0.99999999700000008485 0.00000000099999999990 0.00000000099999999990 
0.00000000099999999997 0.00000000099999999997 0.00000000099999999997 0.99999999700000008485 
0.76136369667953418539 0.00000000099999999997 0.23863630132046584342 0.00000000099999999997 
0.00000000099999999999 0.63798267493008176121 0.17130774425791550630 0.19070957981200270526 
0.00000000099999999997 0.00000000099999999997 0.00000000099999999997 0.99999999700000008485 
0.00000000099999999991 0.99999999700000008485 0.00000000099999999991 0.00000000099999999991 
0.00000000099999999999 0.76219257665916029243 0.23564429503522668630 0.00216312730561289647 
0.94835445706052323711 0.00000000099999999996 0.05164554093947665986 0.00000000099999999996 
0.00021605475890604697 0.74943138077404602981 0.25035256346704787278 0.00000000099999999999 
0.00000000099999999999 0.98666478449081262969 0.01333521350918733840 0.00000000099999999999 
0.96583644178710004180 0.00000000099999999996 0.03416355621289988292 0.00000000099999999996 
0.00000000099999999999 0.64235954614904289262 0.18919379521984222570 0.16844665763111493773 
0.74541173697838880585 0.00000000099999999997 0.25458826102161119520 0.00000000099999999997 
0.00000000099999999999 0.62627229908864467944 0.20422042925787814438 0.16950727065347712119 
0.00000000099999999998 0.99999999699999997382 0.00000000099999999998 0.00000000099999999998 
0.00000000099999999997 0.00000000099999999997 0.00000000099999999997 0.99999999699999997382 
0.00000000099999999999 0.73818407758835213883 0.24847574870696023663 0.01334017270468771874 
0.01325488624504771347 0.73332238793968385071 0.25342272481526839645 0.00000000100000000000 
0.00766984305162694835 0.78197133676105301525 0.21035881918732002305 0.00000000099999999999 
0.00000166067537770317 0.32106576830275473933 0.67886205467857441143 0.00007051634329315420 
0.92916391341352744249 0.00000000099999999997 0.07083608458647247530 0.00000000099999999997 
0.00000000099999999999 0.62658234783681210356 0.21101301738065847413 0.16240463378252950610 
0.00000000177061378015 0.80890751294150831097 0.19109248428787786733 0.00000000100000000000 
0.00057692244119100680 0.74001729132962690283 0.25940578522918195103 0.00000000099999999999 
0.00000000100000000000 0.99020770473228481023 0.00978459356232311110 0.00000770070539206915 
0.00000000099999999999 0.62768347574194782723 0.20030422836016673060 0.17201229489788544269 
0.00505961199709771461 0.75883882471493846467 0.23610156228796377875 0.00000000100000000000 
0.00000000099999999999 0.75082427764719528174 0.23182814032399085002 0.01734758102881404571 
0.00000000099999999999 0.00040103884518286244 0.00000000099999999999 0.99959895915481722373 
0.99999999700000008485 0.00000000099999999989 0.00000000099999999989 0.00000000099999999989 
0.04603349832099545152 0.02217309312407784311 0.92444786907584941549 0.00734553947907726299 
0.40841389859621995972 0.00000000099999999997 0.59158609940378004133 0.00000000099999999997 
0.00000000099999999999 0.03021261813962239709 0.00000000099999999999 0.96978737986037766294 
0.03432494958331742951 0.33888797142473225943 0.62678707799195032546 0.00000000100000000000 
0.04885826053849062767 0.02661847695236567099 0.92399882036503477867 0.00052444214410893341 
0.99999999699999997382 0.00000000099999999990 0.00000000099999999990 0.00000000099999999990 
0.00000000099999999998 0.32237943154433607029 0.00000000099999999998 0.67762056645566393076 
0.00000000099999999998 0.31172422703391428067 0.00000000099999999998 0.68827577096608572038 
0.01602841376718214944 0.24070261500238715469 0.73513601153163310453 0.00813295969879758093 
0.03432060962673785104 0.04188501995056139598 0.91439554735218087078 0.00939882307051996546 
0.40842726463278461457 0.00000000099999999997 0.59157273336721538648 0.00000000099999999997 
0.00000000099999999998 0.00081535180921022061 0.00000000099999999998 0.99918464619078983802 
0.05945058322503446457 0.02992860355586217727 0.90472053998942703057 0.00590027322967637182 
0.00000000099999999997 0.00000000099999999997 0.00000000099999999997 0.99999999700000008485 
0.00000000099999999998 0.35997784522044129485 0.00000000099999999998 0.64002215277955865069 
0.00000000099999999998 0.33529439242575564961 0.00000000099999999998 0.66470560557424429593 
0.00000000099999999997 0.28240851100945707497 0.00000000099999999997 0.71759148699054298159 
0.04405046422403448292 0.04112345430901541421 0.89659736621256314049 0.01822871525438687912 
0.41328645749582754165 0.00000000099999999997 0.58671354050417234838 0.00000000099999999997 
0.00000000099999999999 0.01983918122352124058 0.00000000099999999999 0.98016081677647870496 
0.02424856252716193344 0.33744447784115744193 0.63830695863168052107 0.00000000100000000000 
0.05274092010740093900 0.03636007318645756436 0.90297451235608905407 0.00792449435005234196 
0.00000000099999999998 0.00000000099999999998 0.00000000099999999998 0.99999999699999997382 
0.00000000099999999998 0.29312903067500556409 0.00000000099999999998 0.70687096732499432594 
0.00000000099999999998 0.31133046875517778052 0.00000000099999999998 0.68866952924482205400 
0.99999999699999997382 0.00000000099999999990 0.00000000099999999990 0.00000000099999999990 
0.00000000099999999998 0.29138016994203885801 0.00000000099999999998 0.70861982805796097651 
0.04367639977162991044 0.03785111916388272935 0.91466060131333692951 0.00381187975115055084 
0.43073334354271819446 0.00000000099999999997 0.56926665445728164006 0.00000000099999999997 
0.00000000099999999998 0.00888028548228075691 0.00000000099999999998 0.99111971251771924241 
0.02236118391954104723 0.34131361189429015868 0.63632520318616880850 0.00000000100000000000 
0.02024030551813984710 0.01596325805299425235 0.95579748788210550092 0.00799894854676040830 
0.00000000100000000000 0.34349804954410073643 0.63974521764697078741 0.01675673180892854955 
0.00000000099999999997 0.27528651185512909016 0.00000000099999999997 0.72471348614487096640 
0.00000000099999999998 0.27905818126921011491 0.00000000099999999998 0.72094181673078983064 
0.99999999700000008485 0.00000000099999999990 0.00000000099999999990 0.00000000099999999990 
0.00000000099999999998 0.26354212959123884952 0.00000000099999999998 0.73645786840876126256 
0.03481664719581925582 0.04937634006795253716 0.91580312663207386059 0.00000388610415444402 
0.41214966608021247341 0.00000000099999999997 0.58785033191978741662 0.00000000099999999997 
0.00000000099999999998 0.01643384921724673833 0.00000000099999999998 0.98356614878275328007 
0.03411750207230025700 0.34378265498743626472 0.62209984194026346493 0.00000000100000000000 
0.04794127842182421134 0.02065732301825989881 0.91067462694610368246 0.02072677161381227678 
0.00000000099999999997 0.27535900040483274331 0.00000000099999999997 0.72464099759516720223 
0.01895407948649353858 0.20052709616125194425 0.75435403011602075729 0.02616479423623390560 
0.00000000099999999998 0.27581780774443875881 0.00000000099999999998 0.72418219025556118673 
0.00000000099999999998 0.25603355067749566931 0.00000000099999999998 0.74396644732250427623 
0.00000098068713396251 0.07831787767680138679 0.89235265468932245536 0.02932848694674218895 
0.05218218414701884800 0.05279014973852983600 0.89038892652782730686 0.00463873958662387297 
0.43034608108338989751 0.00000000099999999997 0.56965391691661004803 0.00000000099999999997 
0.00000000099999999998 0.00000000099999999998 0.00000000099999999998 0.99999999699999997382 
0.05470565979160339765 0.02836068438557418775 0.91303457483462635569 0.00389908098819605154 
0.99999999700000008485 0.00000000099999999988 0.00000000099999999988 0.00000000099999999988 
0.00000000099999999999 0.27402866180341539648 0.00000000099999999999 0.72597133619658449355 
0.01647558290378507359 0.21587872295623883323 0.75972174136557057977 0.00792395277440541800 
0.00036560316874030937 0.05685666985338499319 0.89487608702891163759 0.04790163994896318167 
0.00808647951604619421 0.20257550235749505196 0.78142826547768329259 0.00790975264877532940 
0.00000000570259957103 0.05657648337569153030 0.91531963281182482373 0.02810387810988411103 
0.04771067924222509304 0.02950342741276072017 0.90458363824767851202 0.01820225509733575456 
0.40741245412097198964 0.00000000099999999997 0.59258754387902801142 0.00000000099999999997 
0.00000000099999999998 0.00199186698348019801 0.00000000099999999998 0.99800813101651986159 
0.04534628546383855791 0.03855129394543672927 0.90374632690242395761 0.01235609368830077777 
0.99999999700000008485 0.00000000099999999988 0.00000000099999999988 0.00000000099999999988 
0.02168546701392137441 0.32543505450746040841 0.65287947747861818648 0.00000000100000000000 
0.01925017532877067172 0.20425749843225124436 0.77649214870437799352 0.00000017753460006613 
0.00504042310807104564 0.21649256875250813548 0.76799965159233241074 0.01046735654708833181 
0.00841819632565973461 0.06125329764758069562 0.88739044569230540738 0.04293806033445406178 
0.03889177292805868352 0.02576783581253963215 0.92054581117977585247 0.01479458007962593247 
0.40341540716211210515 0.00000000099999999997 0.59658459083788772936 0.00000000099999999997 
0.02510293377724466535 0.34733567096910050731 0.62756139425365486950 0.00000000100000000000 
0.04534523510492326909 0.03774831942812731378 0.91681454521426941628 0.00009190025267997662 
0.99999999700000008485 0.00000000099999999989 0.00000000099999999989 0.00000000099999999989 
0.02609972956445214334 0.32921886633230101893 0.64468140310324661968 0.00000000100000000000 
0.01601433154925228919 0.22534458332450660323 0.73766054462635488598 0.02098054049988634651 
0.01386576045586795057 0.07870531112681540542 0.87179522750715876533 0.03563370091015776592 
0.00407212580960922971 0.05875739904878372888 0.90969124312707927427 0.02747923201452772898 
0.00537781464798269514 0.05874644183149583393 0.89475327155190120809 0.04112247196862018478 
0.00210743490997066137 0.06794060000773756436 0.88254409976934655724 0.04740786531294524653 
0.00145975254658898884 0.30074653359112984985 0.69779370822052366741 0.00000000564175749983 
0.00000000099999999992 0.99999999700000008485 0.00000000099999999992 0.00000000099999999992 
0.00785224419485313838 0.74383818897048425978 0.24830956583466259890 0.00000000100000000000 
0.00022334302099110599 0.73635125368494624976 0.26342540229406263830 0.00000000100000000000 
0.02349819825730772513 0.33907640058451887777 0.63742540015817328314 0.00000000100000000000 
0.00000000099999999991 0.99999999700000008485 0.00000000099999999991 0.00000000099999999991 
0.00000000099999999999 0.79126303613856285857 0.20873696186143714248 0.00000000099999999999 
0.00000000099999999999 0.35677143716540293816 0.61826032803032926477 0.02496823380426784270 
0.00000000100000000000 0.32426899570036482601 0.64201861034076146417 0.03371239295887367565 
0.00000000100000000000 0.28897571372362734765 0.70802691054653044134 0.00299737472984216383 
0.00000000099999999997 0.00000000099999999997 0.00000000099999999997 0.99999999699999997382 
0.00000000099999999999 0.01532008399176420892 0.00003370492140257115 0.98464621008683317349 
0.00000000099999999998 0.00000000099999999998 0.99999999699999986280 0.00000000099999999998 
0.00000000099999999999 0.34339018176131058668 0.62717938109687410009 0.02943043614181532069 
0.00195367828137179905 0.73213899690007011589 0.25478935536500985082 0.01111796945354824769 
0.00000000099999999997 0.99999999700000008485 0.00000000099999999997 0.00000000099999999997 
0.00000000099999999995 0.99999999699999997382 0.00000000099999999995 0.00000000099999999995 
0.00931161455941621752 0.76053211269907949887 0.23015627174150421475 0.00000000100000000000 
0.02193198550535735772 0.13589904740093852742 0.80868133222582916364 0.03348763486787506571 
0.00000000099999999999 0.00040976018219079252 0.99959023781780931284 0.00000000099999999999 
0.00000000100000000000 0.36642734519009068084 0.60359959079258362902 0.02997306301732572190 
0.00000002006800228073 0.30540958853276223284 0.68100893572221665728 0.01358145567701897483 
0.00000000099999999999 0.89938426775369439969 0.02335726047646939293 0.07725847076983619055 
0.00000000099999999999 0.98372626350531355843 0.01291399419132258260 0.00335974130336382393 
0.00000000099999999996 0.99999999700000008485 0.00000000099999999996 0.00000000099999999996 
0.00000000099999999999 0.00000000099999999999 0.99883075089076311937 0.00116924710923677457 
0.00514551326245954888 0.74956808758610571353 0.24528639815143479797 0.00000000099999999999 
0.01546097001363528484 0.13304103275942877338 0.81192370953158654601 0.03957428769534946517 
0.00000000100000000000 0.37660120833634946891 0.59157334958364626853 0.03182544108000427002 
0.00024924571619498509 0.27462886867409125324 0.70638477951999778526 0.01873710608971592903 
0.00000000099999999999 0.89608636810843556031 0.04114951451734049498 0.06276411637422402157 
0.00000000099999999999 0.98943893223561607542 0.01055876668800062070 0.00000230007638342748 
0.00000000099999999999 0.00637519987356056483 0.98154342075186906680 0.01208137837457052589 
0.00139660740423223537 0.75957636225842162236 0.23902702933734615298 0.00000000100000000000 
0.00001929124860649632 0.12592358431190267543 0.82995713947072990990 0.04409998496876092050 
0.00000000099999999999 0.35767602358522726513 0.62842199935319309478 0.01390197606157963367 
0.00000000100000000000 0.29512893106756915573 0.67512926203123169167 0.02974180590119929191 
0.00000000099999999999 0.94601191142824236913 0.01292169638218459461 0.04106639118957312873 
0.00000000099999999999 0.97562748001879506798 0.00240122869461022745 0.02197129028659469685 
0.00000000099999999996 0.99999999699999997382 0.00000000099999999996 0.00000000099999999996 
0.00000014670236034693 0.73916415035112026377 0.26046486347568137409 0.00037083947083799308 
0.00265701739753066010 0.73172114679238309254 0.26562183481008616592 0.00000000100000000000 
0.00930194560466472177 0.13144256529834175140 0.81774768666495434299 0.04150780243203926884 
0.00000000099999999999 0.38007078735859028962 0.59106509222665237768 0.02886411941475728465 
0.00067727379371152439 0.29000438704581366078 0.68318797116077012443 0.02613036799970469559 
0.00000000099999999999 0.88464106906064443603 0.04316735178868353479 0.07219157815067213380 
0.00000000099999999999 0.97068924653839028238 0.00555397131292583845 0.02375678114868386148 
0.00000000099999999996 0.99999999700000008485 0.00000000099999999996 0.00000000099999999996 
0.00000000100000000000 0.74792372321222155840 0.25207575425635386779 0.00000052153142460007 
0.00037017887291625429 0.80749533510954241144 0.19213448501754121223 0.00000000100000000000 
0.01398627240077459505 0.11541653979253801987 0.82947351640585553767 0.04112367140083182659 
0.00000000099999999999 0.37246406906805273884 0.60347502553905396638 0.02406090439289320856 
0.00000000100000000000 0.29558671804289471385 0.69479478618591450356 0.00961849477119078658 
0.00000000099999999999 0.88562780786276174005 0.04951379736471366727 0.06485839377252468341 
0.00000000099999999999 0.96950337003106756839 0.01214388525957061857 0.01835274370936180663 
0.00000000099999999997 0.99999999700000008485 0.00000000099999999997 0.00000000099999999997 
0.00008195788766412953 0.73818652850665633647 0.26173151260567933951 0.00000000099999999999 
0.01507240206896770865 0.13337578215238013457 0.81487410231122203719 0.03667771346742996347 
0.00000000099999999999 0.37719766365240964268 0.59601822107683521956 0.02678411427075506543 
0.00000000099999999999 0.00000000099999999999 0.99997727750383413881 0.00002272049616590763 
0.00000000100000000000 0.27865454232982200811 0.70730791857176611437 0.01403753809841187805 
0.00000000099999999999 0.93947706704408939782 0.02289675168565685759 0.03762618027025377287 
0.00000000099999999999 0.97111557083307520344 0.01420044155993443157 0.01468398660699034644 
0.00003784865763863110 0.72234960431144024096 0.26869071384448089956 0.00892183318644008960 
0.00439631984965196954 0.74507602855744559101 0.25052765059290243999 0.00000000100000000000 
0.00000000100000000000 0.32351325307864253755 0.66503061385736006450 0.01145613206399732388 
0.01980314085086684606 0.14650614908382872392 0.79992575179840574862 0.03376495826689870222 
0.00000000100000000000 0.37858016828685331356 0.60573457879469183585 0.01568525191845475744 
0.00000000100000000000 0.33426806328666253121 0.62788972494437589322 0.03784221076896156222 
0.00000000099999999999 0.92193874981736656515 0.02344992234276227147 0.05461132683987130615 
0.00000000099999999999 0.97830016537147612699 0.01425081463237518921 0.00744901899614866699 
0.00000000099999999998 0.00000000099999999998 0.00000000099999999998 0.99999999699999997382 
0.00000004312574401563 0.74414186572560403476 0.25585025259272314857 0.00000783855592883522 
0.00000000099999999997 0.99999999699999997382 0.00000000099999999997 0.00000000099999999997 
0.00000000099999999999 0.74290096820055495641 0.25709902979944493362 0.00000000099999999999 
0.01320308827564244114 0.12736860055282045456 0.81214097718892996891 0.04728733398260726029 
0.00000000100000000000 0.39745153180643327806 0.58946950461772562591 0.01307896257584103411 
0.00001808888277506004 0.29352688966177581387 0.69132386095166364903 0.01513116050378553352 
0.00000000099999999999 0.88669125128809278547 0.03878885063793686278 0.07451989707397041474 
0.00000000099999999999 0.97914270551262427844 0.01991909550150614341 0.00093819798586961965 
0.00000000099999999998 0.43389227913040628870 0.00000000099999999998 0.56610771886959354582 
0.00000000099999999999 0.00969115200794222476 0.98964165592928154958 0.00066719106277631922 
0.00000000099999999995 0.99999999700000008485 0.00000000099999999995 0.00000000099999999995 
0.00000000099999999995 0.00000000099999999995 0.00000000099999999995 0.99999999700000008485 
0.00050791275360740327 0.73237762989945742742 0.25468460271670839701 0.01242985463022678108 
0.00000000099999999999 0.01791515931831702546 0.00000226081762749078 0.98208257886405558867 
0.00000000099999999998 0.42073831475666267909 0.00000000099999999998 0.57926168324333715542 
0.00000000099999999997 0.00000000099999999997 0.00000000099999999997 0.99999999699999997382 
0.00000000099999999998 0.42755953074708974437 0.00000000099999999998 0.57244046725291009015 
0.00000000099999999995 0.99999973328951174967 0.00000000099999999995 0.00000026471048830692 
0.00000000099999999999 0.00875781936969999113 0.98117414136209601949 0.01006803826820402287 
0.00000000099999999998 0.43668695318897565727 0.00000000099999999998 0.56331304481102428827 
0.00000000099999999998 0.42496877036708874398 0.00000000099999999998 0.57503122763291125707 
0.00000000099999999999 0.87373860240690914836 0.12626139559309096372 0.00000000099999999999 
0.00599239478361067533 0.77386403748659660096 0.22014356672979273899 0.00000000100000000000 
0.00948283265371825147 0.75762856644211884483 0.23288859990416288515 0.00000000100000000000 
0.03617654361156565079 0.74506934301059002390 0.21875411072973738325 0.00000000264810689680 
0.03989586543190674905 0.71569866982124585864 0.24164339801098042027 0.00276206673586696944 
0.04137750968961124987 0.71091775833806458706 0.24770471878400066035 0.00000001318832364332 
0.03689025253398701965 0.73943830116266828778 0.22367144530334465147 0.00000000100000000000 
0.00000000099999999995 0.00000000099999999995 0.00000000099999999995 0.99999999699999997382 
0.00000000099999999994 0.00000000099999999994 0.00000000099999999994 0.99999999700000008485 
0.00000000099999999993 0.00000000099999999993 0.00000000099999999993 0.99999999699999997382 
0.00000000099999999994 0.00000000099999999994 0.00000000099999999994 0.99999999700000008485 
0.00000000099999999994 0.00000000099999999994 0.00000000099999999994 0.99999999700000008485 
0.00125481064509268465 0.75864166065524829552 0.24010352769965909170 0.00000000100000000000 
0.00718636943885212886 0.79122010182795587951 0.20159352773319183516 0.00000000100000000000 
0.00000000099999999999 0.33544164606619863989 0.65606329649860839481 0.00849505643519292940 
0.00000000099999999996 0.00000000099999999996 0.00000000099999999996 0.99999999700000008485 
0.99999999700000008485 0.00000000099999999992 0.00000000099999999992 0.00000000099999999992 
0.00000000099999999996 0.00000000099999999996 0.00000000099999999996 0.99999999699999997382 
0.00000000099999999999 0.02046737121334136350 0.94658933490232832764 0.03294329288433024694 
0.00000000099999999999 0.95787067653872814965 0.02892138603513797271 0.01320793642613396143 
0.99999999700000008485 0.00000000099999999990 0.00000000099999999990 0.00000000099999999990 
0.99999999699999997382 0.00000000099999999987 0.00000000099999999987 0.00000000099999999987 
0.00000000099999999996 0.00000000099999999996 0.00000000099999999996 0.99999999699999997382 
0.00000000099999999992 0.99999999700000008485 0.00000000099999999992 0.00000000099999999992 
0.00000000099999999999 0.65014887892335204711 0.18484466910356661673 0.16500645097308147546 
0.00000000100000000000 0.32496154367639995542 0.65272876394129331068 0.02230969138230680729 
0.99999999700000008485 0.00000000099999999992 0.00000000099999999992 0.00000000099999999992 
0.99999999699999997382 0.00000000099999999990 0.00000000099999999990 0.00000000099999999990 
0.00000000099999999999 0.02065159844692385921 0.97888468286019669762 0.00046371769287932997 
0.00000000099999999999 0.88630657721573646857 0.04673651306007516743 0.06695690872418839923 
0.99999999699999997382 0.00000000099999999991 0.00000000099999999991 0.00000000099999999991 
0.99999999699999997382 0.00000000099999999986 0.00000000099999999986 0.00000000099999999986 
0.00000000099999999994 0.00000000099999999994 0.00000000099999999994 0.99999999700000008485 
0.00000000099999999996 0.99881830774646784832 0.00000000099999999996 0.00118169025353217941 
0.00000000099999999999 0.66617257845212429768 0.19029331832649656886 0.14353410222137902297 
0.00000000100000000000 0.33928873938072340311 0.64137662728718358718 0.01933463233209297902 
0.99999999699999997382 0.00000000099999999989 0.00000000099999999989 0.00000000099999999989 
0.99999999700000008485 0.00000000099999999990 0.00000000099999999990 0.00000000099999999990 
0.00000000099999999996 0.00000000099999999996 0.00000000099999999996 0.99999999699999997382 
0.00000000100000000000 0.00112905490988364238 0.99316536824726697752 0.00570557584284926353 
0.00000000099999999999 0.98262443132944055080 0.01603143274124825199 0.00134413492931120967 
0.99999999700000008485 0.00000000099999999989 0.00000000099999999989 0.00000000099999999989 
0.99999999700000008485 0.00000000099999999987 0.00000000099999999987 0.00000000099999999987 
0.00000000099999999995 0.99999999700000008485 0.00000000099999999995 0.00000000099999999995 
0.00000000099999999999 0.64929916250228292274 0.17987417563246374530 0.17082666086525341576 
0.00000000099999999999 0.32927865513319415358 0.65741196802768142593 0.01330937583912436897 
0.99999999699999997382 0.00000000099999999988 0.00000000099999999988 0.00000000099999999988 
0.99999999700000008485 0.00000000099999999989 0.00000000099999999989 0.00000000099999999989 
0.00000000099999999997 0.00000000099999999997 0.00000000099999999997 0.99999999699999997382 
0.00000000100000000000 0.02534314308956569367 0.95496713005572830824 0.01968972585470602985 
0.00000000099999999999 0.97509865854793797979 0.02487581083864511336 0.00002552961341704629 
0.99999999700000008485 0.00000000099999999989 0.00000000099999999989 0.00000000099999999989 
0.99999999700000008485 0.00000000099999999987 0.00000000099999999987 0.00000000099999999987 
0.03753505047940620259 0.69734308132138289604 0.26512186719921088107 0.00000000100000000000 
0.00000000099999999999 0.66634939724129138572 0.19197641549084248913 0.14167418626786607017 
0.00000000100000000000 0.27914168761286489717 0.68635710131060789774 0.03450121007652721256 
0.99999999700000008485 0.00000000099999999989 0.00000000099999999989 0.00000000099999999989 
0.99999999700000008485 0.00000000099999999988 0.00000000099999999988 0.00000000099999999988 
0.00000000099999999995 0.00000000099999999995 0.00000000099999999995 0.99999999699999997382 
0.00000000099999999999 0.00732607693743316836 0.96267611541186359769 0.02999780665070326049 
0.00000000099999999999 0.99999999699999997382 0.00000000099999999999 0.00000000099999999999 
0.99999999700000008485 0.00000000099999999990 0.00000000099999999990 0.00000000099999999990 
0.99999999699999997382 0.00000000099999999986 0.00000000099999999986 0.00000000099999999986 
0.04084561653080556048 0.70186160207735326377 0.25729278039184128035 0.00000000100000000000 
0.00000000099999999999 0.12318625959085721666 0.07861711666165228929 0.79819662274749048070 
0.00000000099999999995 0.00000000099999999995 0.00000000099999999995 0.99999999700000008485 
0.99999999700000008485 0.00000000099999999988 0.00000000099999999988 0.00000000099999999988 
0.99999999700000008485 0.00000000099999999990 0.00000000099999999990 0.00000000099999999990 
0.00000000099999999999 0.03006315469202604229 0.00000010012571383675 0.96993674418226005773 
0.00000000100000000000 0.00000585350518355021 0.97722594761814673969 0.02276819787666976846 
0.00000000099999999999 0.97641361628893019731 0.00728688182424182783 0.01629950088682801876 
0.99999999699999997382 0.00000000099999999988 0.00000000099999999988 0.00000000099999999988 
0.99999999699999997382 0.00000000099999999986 0.00000000099999999986 0.00000000099999999986 
0.04645992671144512365 0.71226379417884277956 0.24127627810971213895 0.00000000100000000000 
0.00000000100000000000 0.09778972072019229134 0.08696101948863275977 0.81524925879117482452 
0.00000000099999999996 0.00000000099999999996 0.00000000099999999996 0.99999999700000008485 
0.99999999700000008485 0.00000000099999999988 0.00000000099999999988 0.00000000099999999988 
0.99999999699999997382 0.00000000099999999990 0.00000000099999999990 0.00000000099999999990 
0.00000000099999999998 0.00000243373569199921 0.00000000099999999998 0.99999756426430785883 
0.00000000100000000000 0.01371017932678950807 0.97279336732770049778 0.01349645234550983855 
0.00000000100000000000 0.89975893023110620206 0.05538238788653709194 0.04485868088235670653 
0.99999999699999997382 0.00000000099999999989 0.00000000099999999989 0.00000000099999999989 
0.99999999699999997382 0.00000000099999999987 0.00000000099999999987 0.00000000099999999987 
0.00000000099999999999 0.10893552085358325365 0.06290845281602268357 0.82815602533039411881 
0.00000000100000000000 0.34623195077264606878 0.64904365004772335279 0.00472439817963054339 
0.00000000099999999996 0.00000000099999999996 0.00000000099999999996 0.99999999700000008485 
0.99999999699999997382 0.00000000099999999988 0.00000000099999999988 0.00000000099999999988 
0.00000000099999999996 0.00000000099999999996 0.00000000099999999996 0.99999999699999997382 
0.00000000100000000000 0.01545494265313716344 0.97102010813598549355 0.01352494821087742508 
0.00000000099999999999 0.99134460086069742246 0.00836101827275988196 0.00029437986654260291 
0.00000000099999999994 0.00000000099999999994 0.00000000099999999994 0.99999999700000008485 
0.99999999700000008485 0.00000000099999999995 0.00000000099999999995 0.00000000099999999995 
0.99999999700000008485 0.00000000099999999987 0.00000000099999999987 0.00000000099999999987 
0.00000000099999999993 0.99999999699999997382 0.00000000099999999993 0.00000000099999999993 
0.00000000100000000000 0.74979585285725591781 0.25012504274969082907 0.00007910339305308214 
0.00000001506729841227 0.74250073514700121180 0.24377813617736204810 0.01372111360833826003 
0.00000000099999999998 0.00000000099999999998 0.99999999699999986280 0.00000000099999999998 
0.00000000099999999996 0.99999999699999997382 0.00000000099999999996 0.00000000099999999996 
0.00000000099999999999 0.09930469630030830386 0.09617952533985778263 0.80451577735983392792 
0.02367704975742554105 0.74948172704449733672 0.22684122219807706378 0.00000000100000000000 
0.08449311599287123720 0.04053424992687162248 0.84428219861277964409 0.03069043546747757603 
0.83413999402565108809 0.00000000252735511977 0.16586000244699372619 0.00000000100000000000 
0.00000000099999999998 0.41912196526540984598 0.00000000099999999998 0.58087803273459015507 
0.00000000099999999999 0.64973149877820268738 0.19794700085658109567 0.15232149936521624523 
0.04336193134634711011 0.02157591483104749630 0.92352567481020386708 0.01153647901240152825 
0.00000000099999999997 0.27729096363537952818 0.00000000099999999997 0.72270903436462041736 
0.00000000099999999999 0.64705449957772498415 0.19287781263751102578 0.16006768678476399059 
0.08934181571717582371 0.15272285255597117803 0.16499387183228209075 0.59294145989457081036 
0.00000000099999999998 0.31127093564411556503 0.00000000099999999998 0.68872906235588438051 
0.00000000099999999996 0.26706515710687817045 0.00000000099999999996 0.73293484089312188612 
0.11042125148812809154 0.17445068578155992212 0.23453860998892006595 0.48058945274139186488 
0.00000000099999999996 0.25132994226049926167 0.00000000099999999996 0.74867005573950062836 
0.00000000099999999998 0.25748263668352633360 0.00000000099999999998 0.74251736131647372297 
0.07156289242717095433 0.11743418093592908336 0.25717553055360475867 0.55382739608329523140 
0.00000000099999999997 0.28139183973956743978 0.00000000099999999997 0.71860815826043245025 
0.00000000099999999996 0.26203195137885737509 0.00000000099999999996 0.73796804662114257045 
0.99999999699999997382 0.00000000099999999990 0.00000000099999999990 0.00000000099999999990 
0.02420799414582297873 0.10173937183036359244 0.21979882083958121597 0.65425381318423236898 
0.13879655635550161574 0.00000000099999999998 0.62760003180402235134 0.23360341084047608895 
0.00000000099999999997 0.26726748959851603926 0.00000000099999999997 0.73273250840148396179 
0.99999999700000008485 0.00000000099999999990 0.00000000099999999990 0.00000000099999999990 
0.00000000100000000000 0.34716801541688091515 0.63851785234878177810 0.01431413123433742871 
0.00000000099999999999 0.67463692625956517279 0.18214629588441508257 0.14321677685601968966 
0.82062875829146042506 0.00000000099999999997 0.17937123970853954824 0.00000000099999999997 
0.00000000099999999997 0.98313907262047106617 0.00000000099999999997 0.01686092537952911877 
0.92462387721926686535 0.02702002950132733478 0.04835609227940574489 0.00000000100000000000 
0.03036025768286278528 0.09234712850952656038 0.87223537756538027654 0.00505723624223037432 
0.99999999699999997382 0.00000000099999999989 0.00000000099999999989 0.00000000099999999989 
0.00000000099999999999 0.01088309389682374020 0.00000001045565700798 0.98911689464751917367 
0.99999999699999997382 0.00000000099999999990 0.00000000099999999990 0.00000000099999999990 
0.01670902020001580404 0.74410820056933013600 0.23918277518511590896 0.00000000404553810372 
0.89234456005920115285 0.00000000099999999999 0.10765543794079893147 0.00000000099999999999 
0.01021975168862650045 0.30147652855066092714 0.66588673059996938974 0.02241698916074311848 
0.00000000099999999999 0.26125496581941753949 0.71616336464823415753 0.02258166853234839719 
0.00000000099999999996 0.00000000099999999996 0.00000000099999999996 0.99999999700000008485 
0.00000000099999999999 0.27954591257026978335 0.69209141479525071450 0.02836267163447955819 
0.00000000099999999999 0.00037220281042409803 0.00012395348744778003 0.99950384270212822013 
0.00000000100000000000 0.24700277111152207921 0.73061386807434747226 0.02238335981413037620 
0.00000000100000000000 0.92078146337164357149 0.02188005610642059298 0.05733847952193604769 
0.08855092428032555751 0.70409949783893566178 0.20734957688073860083 0.00000000100000000000 
0.14614375484273217642 0.00000000099999999998 0.64907388439357660559 0.20478235976369132954 
0.04380077686106247786 0.73179050755091745728 0.22440806444105546036 0.00000065114696463221 
0.80132726079712024436 0.00000000099999999997 0.19867273720287970118 0.00000000099999999997 
0.02581451259319310701 0.10797096168174179220 0.84630504938228923173 0.01990947634277573722 
0.00000000100000000000 0.25914460172623687839 0.70858115364609208786 0.03227424362767097876 
0.05104849001810325693 0.00718517304670232386 0.92056151194328439402 0.02120482499191000958 
0.99999999699999997382 0.00000000099999999988 0.00000000099999999988 0.00000000099999999988 
0.12993688342841677730 0.00000000099999999999 0.64237375178961086952 0.22768936378197246473 
0.99999999699999997382 0.00000000099999999988 0.00000000099999999988 0.00000000099999999988 
0.00000000099999999994 0.00000000099999999994 0.00000000099999999994 0.99999999700000008485 
0.83052873808348826046 0.00000000099999999997 0.16947125991651176835 0.00000000099999999997 
0.03167869204133039185 0.10011397619360783151 0.86681029557619693193 0.00139703618886495508 
0.00000000100000000000 0.26279880812547068425 0.71576077854481756635 0.02144041232971174646 
0.95756686661241752212 0.03729945963828676381 0.00513367274929556715 0.00000000099999999999 
0.04376435920752746317 0.02488369616149371452 0.90665720751136369415 0.02469473711961505877 
0.13074931380458323926 0.00000000099999999999 0.63580567393553832911 0.23344501125987840440 
0.13545798558930052802 0.00000000099999999999 0.62414357983250268180 0.24039843357819676295 
0.99999999700000008485 0.00000000099999999989 0.00000000099999999989 0.00000000099999999989 
0.00000000099999999997 0.00000000099999999997 0.00000000099999999997 0.99999999700000008485 
0.82689826886546125007 0.00000000099999999997 0.17310172913453872323 0.00000000099999999997 
0.03550410168140759326 0.07541053724501073363 0.88518806035530828158 0.00389730071827336551 
0.96630877901330125557 0.03369121898669868997 0.00000000099999999999 0.00000000099999999999 
0.04312794924195575280 0.02876584328091691053 0.91002025675659070636 0.01808595072053667194 
0.99999999699999997382 0.00000000099999999990 0.00000000099999999990 0.00000000099999999990 
0.14070266111013213228 0.00000000099999999999 0.63342686687906080145 0.22587047101080706679 
0.99999999699999997382 0.00000000099999999990 0.00000000099999999990 0.00000000099999999990 
