0.70314935095645714203 0.05654064017494266764 0.24019163415683919549 0.00000422548983045640 0.00011414922193051401 
0.00000000099999999986 0.00000000099999999986 0.00000000099999999986 0.99999999599999989108 0.00000000099999999986 
0.12852544930419115832 0.24608252462013416317 0.62539202407567462405 0.00000000099999999999 0.00000000099999999999 
0.00000000099999999987 0.00000000099999999987 0.00000000099999999987 0.99999999600000000211 0.00000000099999999987 
0.00000000099999999995 0.75861944193264863046 0.24138055506735153766 0.00000000099999999995 0.00000000099999999995 
0.00000000099999999983 0.00000000099999999983 0.00000000099999999983 0.99999999600000000211 0.00000000099999999983 
0.00000000099999999989 0.00000000099999999989 0.00000000099999999989 0.99999999600000000211 0.00000000099999999989 
0.23792041469519284447 0.00000000099999999996 0.00000000099999999996 0.76207958230480710160 0.00000000099999999996 
0.00000000099999999984 0.00000000099999999984 0.00000000099999999984 0.99999999600000000211 0.00000000099999999984 
0.24291902566968953670 0.00000000099999999996 0.00000000099999999996 0.75708097133031038162 0.00000000099999999996 
0.00000000099999999986 0.00000000099999999986 0.00000000099999999986 0.99999999599999989108 0.00000000099999999986 
0.66210373212958872902 0.09769933874278395602 0.23768268988968771493 0.00251421878604759846 0.00000002045189202065 
0.00000000099999999986 0.00000000099999999986 0.00000000099999999986 0.99999999599999989108 0.00000000099999999986 
0.00000000099999999994 0.00000000099999999994 0.00000000099999999994 0.99999999600000000211 0.00000000099999999994 
0.00000000099999999985 0.00000000099999999985 0.00000000099999999985 0.99999999600000000211 0.00000000099999999985 
0.00000000099999999998 0.19628761678800835111 0.80371238021199165047 0.00000000099999999998 0.00000000099999999998 
0.68589871701984161945 0.05786675913762082124 0.25534914103073413916 0.00000000100000000000 0.00088538181180341331 
0.00000000099999999986 0.00000000099999999986 0.00000000099999999986 0.99999999600000000211 0.00000000099999999986 
0.23991996535302304028 0.00000000099999999996 0.00000000099999999996 0.76008003164697679477 0.00000000099999999996 
0.00000000099999999998 0.17654302413995515142 0.82345697286004482240 0.00000000099999999998 0.00000000099999999998 
0.68590674898953229999 0.05279575533223226230 0.25800654554924401518 0.00210194410442297213 0.00118900602456856641 
0.17538914443076375482 0.18356006377569425436 0.64105078979354201962 0.00000000099999999999 0.00000000099999999999 
0.00226007983008604365 0.63483891627188182571 0.36290100189803203845 0.00000000099999999999 0.00000000099999999999 
0.24846071449367487793 0.00000000099999999997 0.00000000099999999997 0.75153928250632506813 0.00000000099999999997 
0.67468004892959887453 0.08547573837012424625 0.23984421070027678313 0.00000000099999999999 0.00000000099999999999 
0.12604570864239189598 0.00000000099999999996 0.00000000099999999996 0.87395428835760813335 0.00000000099999999996 
0.00000000099999999997 0.00000000099999999997 0.35504760831713272351 0.00000000099999999997 0.64495238868286730582 
0.66366370206903235740 0.09162645643355676883 0.24470983949741093033 0.00000000100000000000 0.00000000100000000000 
0.66732945125318654522 0.05995108808621992663 0.26772748527804568486 0.00000000100000000000 0.00499197438254777703 
0.22742088088106801602 0.00000000099999999999 0.63218223267839090962 0.00000000099999999999 0.14039688444054110317 
0.00000000099999999998 0.21023482643900651134 0.78976517056099349023 0.00000000099999999998 0.00000000099999999998 
0.00000000099999999994 0.77645421774826994810 0.22354577925173005348 0.00000000099999999994 0.00000000099999999994 
0.67750868726373347783 0.05552854095655317818 0.26170965260151357601 0.00000000100000000000 0.00525311817820000183 
0.17759193270578965684 0.22454578177539616379 0.59339931993323935533 0.00000000099999999999 0.00446296458557482022 
0.00000000099999999996 0.76721029605477641944 0.23278970094522360990 0.00000000099999999996 0.00000000099999999996 
0.00000000099999999993 0.00000000099999999993 0.99999999599999989108 0.00000000099999999993 0.00000000099999999993 
0.67947095325903905660 0.08388212389876147090 0.23634021195098939283 0.00030670570190278481 0.00000000518930717992 
0.04605688848400692204 0.00000000099999999996 0.00000000099999999996 0.95394310851599306567 0.00000000099999999996 
0.02936480257539298908 0.00000000099999999995 0.00000000099999999995 0.97063519442460699516 0.00000000099999999995 
0.00000000099999999998 0.00000000099999999998 0.00000000099999999998 0.00000000099999999998 0.99999999599999989108 
0.70049049956596720623 0.06516214056763465490 0.22607229559461483603 0.00000000100000000000 0.00827506327178327214 
0.25659420932174331620 0.00000000099999999999 0.63074271721588281991 0.00000000099999999999 0.11266307146237380943 
0.00000000099999999997 0.00000000099999999997 0.00000000099999999997 0.00000000099999999997 0.99999999599999989108 
0.62694668984034362946 0.06866032676690193848 0.28429586655742961065 0.00136448342912964902 0.01873263340619523223 
0.65314791496367852197 0.07168033790518163473 0.27195977785911540359 0.00000384102684478361 0.00320812824517958213 
0.19936943151778116490 0.14557737860020883436 0.65120091293771176222 0.00000000100000000000 0.00385227594429829196 
0.00000000099999999997 0.64338035006244864711 0.35661964693755154876 0.00000000099999999997 0.00000000099999999997 
0.00000000099999999989 0.00000000099999999989 0.99999999599999989108 0.00000000099999999989 0.00000000099999999989 
0.00000000099999999997 0.22003700405977175136 0.77996299294022830573 0.00000000099999999997 0.00000000099999999997 
0.00000000099999999997 0.18360464859049901998 0.81639534840950089833 0.00000000099999999997 0.00000000099999999997 
0.67002064974638697592 0.08256362375256251496 0.24741572450105045466 0.00000000100000000000 0.00000000100000000000 
0.23220285531927611911 0.00000000099999999997 0.00000000099999999997 0.76779714168072388247 0.00000000099999999997 
0.00000000099999999997 0.00000000099999999997 0.00000000099999999997 0.00000000099999999997 0.99999999599999989108 
0.70808440927823501632 0.04420949319098623626 0.23698269281797146313 0.00000000099999999999 0.01072340371280733513 
0.25617623858769383860 0.00000000099999999999 0.61436251664313079601 0.00000000099999999999 0.12946124276917533868 
0.00000000099999999997 0.00000000099999999997 0.00000000099999999997 0.00000000099999999997 0.99999999599999989108 
0.61274921700784790168 0.09720104809521490363 0.28301690726218992067 0.00000000100000000000 0.00703282663474736214 
0.66865721561906299453 0.10197587149246170601 0.22936691088847530051 0.00000000100000000000 0.00000000100000000000 
0.18421811402719956430 0.19597766618058010124 0.61483682614331003347 0.00000000100000000000 0.00496739264891036744 
0.00000000099999999994 0.83855027705051754516 0.16144971994948240090 0.00000000099999999994 0.00000000099999999994 
0.00000000099999999995 0.75335308530514921710 0.24664691169485067346 0.00000000099999999995 0.00000000099999999995 
0.00000000099999999998 0.18849563064986890604 0.81150436635013112330 0.00000000099999999998 0.00000000099999999998 
0.65247481692850017865 0.05856223502659382157 0.28544009786367419146 0.00000000100000000000 0.00352284918123185482 
0.02034487998089558672 0.00000000099999999995 0.00000000099999999995 0.97965511701910434894 0.00000000099999999995 
0.00000000099999999988 0.00000000099999999988 0.99999999599999989108 0.00000000099999999988 0.00000000099999999988 
0.00000000099999999996 0.00000000099999999996 0.00000000099999999996 0.00000000099999999996 0.99999999600000000211 
0.23454278976265963141 0.00000000099999999997 0.00000000099999999997 0.76545720723734034241 0.00000000099999999997 
0.21959991001156434209 0.00000000099999999998 0.63197317606423630831 0.00000000099999999998 0.14842691192419946167 
0.00000000099999999997 0.00000000099999999997 0.00000000099999999997 0.00000000099999999997 0.99999999600000000211 
0.00000000099999999990 0.00000000099999999990 0.99999999600000000211 0.00000000099999999990 0.00000000099999999990 
0.19021386124470732182 0.18767285971239550113 0.62211327403583005502 0.00000000099999999999 0.00000000400706722557 
0.04982528961495733683 0.00000000099999999995 0.00000000099999999995 0.95017470738504261618 0.00000000099999999995 
0.00000000099999999996 0.73678046537671015859 0.26321953162328992626 0.00000000099999999996 0.00000000099999999996 
0.00000000099999999998 0.19116891122311163720 0.80883108577688822560 0.00000000099999999998 0.00000000099999999998 
0.03258139694699498795 0.00000000099999999995 0.00000000099999999995 0.96741860005300484016 0.00000000099999999995 
0.23622299230721580110 0.00000000099999999999 0.63610982593515419392 0.00000000099999999999 0.12766717975762995052 
0.24922680707899177999 0.00000000099999999997 0.00000000099999999997 0.75077318992100816608 0.00000000099999999997 
0.25154874411308425497 0.00000000099999999999 0.61739777105614979114 0.00000000099999999999 0.13105348283076587168 
0.00000000099999999997 0.16664710102324015173 0.83335289597675987761 0.00000000099999999997 0.00000000099999999997 
0.00000000099999999997 0.00000000099999999997 0.00000000099999999997 0.00000000099999999997 0.99999999600000000211 
0.20613981122924446288 0.18458089842590991170 0.60372010677798793044 0.00000000099999999999 0.00555918256685758016 
0.00000000099999999997 0.74435726761640685911 0.25564272938359311471 0.00000000099999999997 0.00000000099999999997 
0.00000000099999999995 0.71781681434353605820 0.28218318265646402665 0.00000000099999999995 0.00000000099999999995 
0.64563396099471037637 0.09938113654193565794 0.25498489135493657143 0.00000001010841747482 0.00000000100000000000 
0.06886143843926231800 0.00000000099999999996 0.00000000099999999996 0.93113855856073757256 0.00000000099999999996 
0.26052694167705864325 0.00000000099999999998 0.61493962700474213978 0.00000000099999999998 0.12453342931819909312 
0.00000000099999999996 0.62943471507281534283 0.37056528192718485304 0.00000000099999999996 0.00000000099999999996 
0.00000000099999999995 0.79970041287421522735 0.20029958412578469096 0.00000000099999999995 0.00000000099999999995 
0.00373958856139515418 0.07991248139567323772 0.91634792078431392959 0.00000000825861772847 0.00000000100000000000 
0.24809088676231300097 0.00000000099999999999 0.61994479924042444896 0.00000000099999999999 0.13196431199726249561 
0.00000000099999999994 0.83379429234186996922 0.16620570465812994909 0.00000000099999999994 0.00000000099999999994 
0.18404428488625418359 0.19746670818186523588 0.60888040859803405080 0.00000000099999999999 0.00960859733384646780 
0.00000000099999999998 0.00000000099999999998 0.00812130543672240877 0.00000000099999999998 0.99187869156327757025 
0.00000000099999999985 0.00000000099999999985 0.00000000099999999985 0.99999999600000000211 0.00000000099999999985 
0.92641401752976426653 0.00035597317310107556 0.02462697278766228653 0.04860300939874862697 0.00000002711072370670 
0.58637597966013377260 0.00000000099999999995 0.00000000099999999995 0.41362401733986631225 0.00000000099999999995 
0.00000000099999999999 0.00000000099999999999 0.03505887116645599322 0.00000000099999999999 0.96494112583354407775 
0.00000000099999999996 0.99999999600000011313 0.00000000099999999996 0.00000000099999999996 0.00000000099999999996 
0.92352377682334518827 0.00435374625662169560 0.02281341936708167900 0.04930905655295136913 0.00000000100000000000 
0.00000000099999999986 0.00000000099999999986 0.00000000099999999986 0.99999999599999989108 0.00000000099999999986 
0.00000000099999999997 0.00000000099999999997 0.32989846534829858626 0.00000000099999999997 0.67010153165170127654 
0.00000000099999999998 0.00000000099999999998 0.31667915967967336099 0.00000000099999999998 0.68332083732032677936 
0.71318792093636829144 0.08206935719114218097 0.18893702355354560773 0.01578971722870501151 0.00001598109023898129 
0.91385795891874155306 0.01471817396831725730 0.03591818499454467462 0.03549868808771881185 0.00000699403067755712 
0.58567623222694131790 0.00000000099999999996 0.00000000099999999996 0.41432376477305854490 0.00000000099999999996 
0.00000000099999999998 0.00000000099999999998 0.01509675554612229832 0.00000000099999999998 0.98490324145387764254 
0.90823229611439904030 0.00000398782354358689 0.02989779324388480708 0.06186585020381769884 0.00000007261435483943 
0.00000000099999999997 0.00000000099999999997 0.00000000099999999997 0.00000000099999999997 0.99999999600000000211 
0.00000000099999999997 0.00000000099999999997 0.36753810985618290408 0.00000000099999999997 0.63246188714381701423 
0.00000000099999999998 0.00000000099999999998 0.33807244131944702570 0.00000000099999999998 0.66192755568055283710 
0.00000000099999999997 0.00000000099999999997 0.28526221151773234475 0.00000000099999999997 0.71473778548226762908 
0.90978433275506886968 0.00158073008159820066 0.04087326642109274932 0.04523036011642880133 0.00253131062581141153 
0.58178128001818085746 0.00000000099999999996 0.00000000099999999996 0.41821871698181917187 0.00000000099999999996 
0.00000000099999999999 0.00000000099999999999 0.02804436819546084897 0.00000000099999999999 0.97195562880453922894 
0.00000000099999999995 0.99999999600000011313 0.00000000099999999995 0.00000000099999999995 0.00000000099999999995 
0.91003649315878198944 0.00013976918684511369 0.03528666418360870000 0.05453642169491031838 0.00000065177585394917 
0.00000000099999999998 0.00000000099999999998 0.00000000731931079398 0.00000000099999999998 0.99999998968068914973 
0.00000000099999999998 0.00000000099999999998 0.29854823939968377911 0.00000000099999999998 0.70145175760031630574 
0.00000000099999999998 0.00000000099999999998 0.31372732065993524930 0.00000000099999999998 0.68627267634006483554 
0.00000000099999999987 0.00000000099999999987 0.00000000099999999987 0.99999999600000000211 0.00000000099999999987 
0.00000000099999999998 0.00000000099999999998 0.29081946560634164278 0.00000000099999999998 0.70918053139365833104 
0.91401105644884728108 0.00518342169203173022 0.03500962570048678918 0.04579589515863404653 0.00000000100000000000 
0.56239957775445381660 0.00000000099999999996 0.00000000099999999996 0.43760041924554615722 0.00000000099999999996 
0.00000000099999999998 0.00000000099999999998 0.01890039529568713142 0.00000000099999999998 0.98109960170431287363 
0.00000000099999999994 0.99999999600000000211 0.00000000099999999994 0.00000000099999999994 0.00000000099999999994 
0.95916841909803796096 0.00000000100000000000 0.01879362558781004847 0.02203795331415206102 0.00000000100000000000 
0.62816297481949623371 0.08065104326842614801 0.28763019507849696410 0.00000000100000000000 0.00355578583358085940 
0.00000000099999999996 0.00000000099999999996 0.28326040854905248922 0.00000000099999999996 0.71673958845094742909 
0.00000000099999999998 0.00000000099999999998 0.28415564297375783820 0.00000000099999999998 0.71584435402624213562 
0.00000000099999999987 0.00000000099999999987 0.00000000099999999987 0.99999999600000000211 0.00000000099999999987 
0.00000000099999999998 0.00000000099999999998 0.26858414690895110466 0.00000000099999999998 0.73141585009104903570 
0.91526320755115664340 0.00000002578405390760 0.04723766615407449382 0.03749909951071486031 0.00000000100000000000 
0.58263923928543515096 0.00000000099999999996 0.00000000099999999996 0.41736075771456476735 0.00000000099999999996 
0.00000000099999999998 0.00000000099999999998 0.02395973930136269248 0.00000000099999999998 0.97604025769863733686 
0.00000000099999999994 0.99999999600000000211 0.00000000099999999994 0.00000000099999999994 0.00000000099999999994 
0.91967755065682998961 0.00000000100000000000 0.02542692471820369796 0.04922401700381166811 0.00567150662115472378 
0.00000000099999999996 0.00000000099999999996 0.28461773771755161100 0.00000000099999999996 0.71538225928244836282 
0.74484753479200760395 0.05552408063977213454 0.16460251114010981954 0.01914771997237259271 0.01587815345573780762 
0.00000000099999999998 0.00000000099999999998 0.27879352476337637690 0.00000000099999999998 0.72120647223662359693 
0.00000000099999999997 0.00000000099999999997 0.26591557182625358280 0.00000000099999999997 0.73408442517374650205 
0.90603742563920652842 0.00007116812809008347 0.07807170396660742528 0.00000031139683720448 0.01581939086925883420 
0.89095176509316975633 0.00598059742330917486 0.04852748784809711446 0.05454014863542396702 0.00000000100000000000 
0.56376395874825258048 0.00000000099999999996 0.00000000099999999996 0.43623603825174744886 0.00000000099999999996 
0.00000000099999999998 0.00000000099999999998 0.00972640897186014854 0.00000000099999999998 0.99027358802813991723 
0.91273262145424138847 0.00534934507728906765 0.02554618404748492180 0.05637184842098456883 0.00000000100000000000 
0.00000000099999999984 0.00000000099999999984 0.00000000099999999984 0.99999999600000000211 0.00000000099999999984 
0.00000000099999999998 0.00000000099999999998 0.27814152746449488651 0.00000000099999999998 0.72185846953550514282 
0.74352796023724276875 0.06915230488460491487 0.17144764266624187843 0.01587000932820197344 0.00000208288370850346 
0.90689774419140167794 0.00046167905893221381 0.05802409325561945497 0.00031086685699420924 0.03430561663705247732 
0.76005977283385095511 0.07821551422530372000 0.15443083700131154945 0.00725668117650613443 0.00003719476302760298 
0.92040956010680197164 0.01377688801654156948 0.05085036987534582997 0.00000009698237867272 0.01496308501893193858 
0.90889702240075254114 0.00611819528285809620 0.02787509103384470943 0.04941153786414782118 0.00769815341839672710 
0.58544287238744774360 0.00000000099999999996 0.00000000099999999996 0.41455712461255228574 0.00000000099999999996 
0.00000000099999999998 0.00000000099999999998 0.01779927292653731355 0.00000000099999999998 0.98220072407346270538 
0.91191915529922762396 0.00139726646164520870 0.03882376931775886886 0.04770318729857150192 0.00015662162279686485 
0.00000000099999999984 0.00000000099999999984 0.00000000099999999984 0.99999999600000000211 0.00000000099999999984 
0.00000000099999999994 0.99999999600000000211 0.00000000099999999994 0.00000000099999999994 0.00000000099999999994 
0.75964226155523484341 0.05447546061960055475 0.16602162350456806106 0.01986065332059656560 0.00000000100000000000 
0.75221328726338898552 0.06989513747476902572 0.17243909492413236895 0.00528150963697094408 0.00017097070073875960 
0.89689616647382908177 0.00475996898558629037 0.05921516827441303948 0.00853513468984821305 0.03059356157632329640 
0.92810478063292178863 0.00001353975097621302 0.02946047596252499012 0.04114657351454292095 0.00127463013903409968 
0.59180229179694510133 0.00000000099999999995 0.00000000099999999995 0.40819770520305481698 0.00000000099999999995 
0.00000000099999999994 0.99999999600000011313 0.00000000099999999994 0.00000000099999999994 0.00000000099999999994 
0.91661982491000448814 0.00000000100000000000 0.03648906791517091130 0.04689110517482461549 0.00000000100000000000 
0.00000000099999999985 0.00000000099999999985 0.00000000099999999985 0.99999999599999989108 0.00000000099999999985 
0.00000000099999999994 0.99999999600000000211 0.00000000099999999994 0.00000000099999999994 0.00000000099999999994 
0.72729569745998712271 0.06341551192575757556 0.18471782663363639498 0.01595349907195149630 0.00861746490866751799 
0.87958315183851965013 0.01428759430090589463 0.07118317256876940946 0.01371080672731647340 0.02123527456448846829 
0.92501776586955264392 0.00000000879699889625 0.05984463401871042976 0.00365139045829676124 0.01148620085644133301 
0.90271412414253904277 0.00357163406020794601 0.05839613400780446772 0.00714313271071529473 0.02817497507873320539 
0.89469817361808545719 0.00353469513673644684 0.06587398938771076018 0.00156565848841306882 0.03432748336905427911 
0.66513759254891169359 0.09753791263008772250 0.23602607872315570225 0.00129841509784483036 0.00000000100000000000 
0.00000000099999999991 0.00000000099999999991 0.99999999599999989108 0.00000000099999999991 0.00000000099999999991 
0.00000000099999999995 0.76276102567014436584 0.23723897132985560798 0.00000000099999999995 0.00000000099999999995 
0.00000000099999999995 0.84112947596082665580 0.15887052103917334578 0.00000000099999999995 0.00000000099999999995 
0.00000000099999999994 0.99999999600000011313 0.00000000099999999994 0.00000000099999999994 0.00000000099999999994 
0.00000000099999999989 0.00000000099999999989 0.99999999600000000211 0.00000000099999999989 0.00000000099999999989 
0.00000000099999999997 0.63197293651455932473 0.36802706048544076012 0.00000000099999999997 0.00000000099999999997 
0.61146666008287908767 0.07055290576576644934 0.30577410060612725262 0.00000000099999999999 0.01220633254522724385 
0.63783980797152628472 0.06508370485108246062 0.27696009505275215323 0.00000000100000000000 0.02011639112463901868 
0.70091249095204255504 0.05115242446933352533 0.24793508257862401090 0.00000000100000000000 0.00000000100000000000 
0.00000000099999999996 0.00000000099999999996 0.00000000099999999996 0.00000000099999999996 0.99999999599999989108 
0.00000000099999999999 0.00579053425813402366 0.01733500537770068378 0.00000000099999999999 0.97687445836416519906 
0.99999999600000011313 0.00000000099999999997 0.00000000099999999997 0.00000000099999999997 0.00000000099999999997 
0.62448687446724160388 0.06036613048282189059 0.29886487704428804646 0.00000000099999999999 0.01628211700564846653 
0.12939018124339077276 0.36526416635478664574 0.49637399699331757885 0.00000000100000000000 0.00897165440850501879 
0.00000000099999999998 0.00000000099999999998 0.99999999600000000211 0.00000000099999999998 0.00000000099999999998 
0.00000000099999999997 0.00000000099999999997 0.99999999599999989108 0.00000000099999999997 0.00000000099999999997 
0.00000000099999999995 0.83736538622130640697 0.16263461077869365012 0.00000000099999999995 0.00000000099999999995 
0.80597987208541788107 0.03662992093559894191 0.11412773626672102767 0.02239790081632505800 0.02086456989593713646 
0.99999999487606594517 0.00000000099999999998 0.00000000212393405412 0.00000000099999999998 0.00000000099999999998 
0.61252536130209001008 0.04650019338726107954 0.32797095246244944988 0.00000000100000000000 0.01300349184819956858 
0.67601096813441774458 0.06178754241638031997 0.26164505891409950422 0.00000000100000000000 0.00055642953510245193 
0.03419924555617240292 0.07749746634246361399 0.82446026190387744492 0.00000000099999999999 0.06384302519748663585 
0.00000000099999999998 0.15588830462206332284 0.84411169237793670650 0.00000000099999999998 0.00000000099999999998 
0.00000000099999999997 0.00000000099999999997 0.99999999599999989108 0.00000000099999999997 0.00000000099999999997 
0.99999999600000000211 0.00000000099999999999 0.00000000099999999999 0.00000000099999999999 0.00000000099999999999 
0.00000000099999999994 0.83765382532431120755 0.16234617167568890506 0.00000000099999999994 0.00000000099999999994 
0.80333711582353006797 0.04180534956723380019 0.10976652013277887754 0.01666093875462676746 0.02843007572183058052 
0.60745895304489372357 0.03123176883279959321 0.34498748814105995031 0.00000000100000000000 0.01632178898124660160 
0.70726405978204121006 0.05155125917702540334 0.23608376517663462457 0.00000042221817586125 0.00510049364612291667 
0.04890246963021051274 0.08944428223613573592 0.81386483737386183801 0.00000000099999999999 0.04778840975979185141 
0.00000000099999999998 0.16388423073833632837 0.83611576626166372872 0.00000000099999999998 0.00000000099999999998 
0.98875274783933853051 0.00000000099999999999 0.01124724916066146066 0.00000000099999999999 0.00000000099999999999 
0.00000000099999999996 0.82521136414206308629 0.17478863285793680427 0.00000000099999999996 0.00000000099999999996 
0.82820172894910337735 0.03236910834440975826 0.10621649749142311747 0.00000105070039161039 0.03321161451467218723 
0.63961616847271585140 0.03909263542145231113 0.32128548350749852602 0.00000000099999999999 0.00000571159833329412 
0.67833829791088051664 0.04751750378005896447 0.25895734294381739238 0.00000000100000000000 0.01518685436524312531 
0.01628173691580988430 0.09778156556306366598 0.85967368111610698023 0.00000000099999999999 0.02626301540501937287 
0.00000000099999999999 0.15670465039721001577 0.84244951949933510882 0.00000000099999999999 0.00084582810345485825 
0.00000000099999999997 0.02811623560492678905 0.97188376139507326457 0.00000000099999999997 0.00000000099999999997 
0.13371302866805329090 0.35737675043699307365 0.50853103006674227338 0.00000000100000000000 0.00037918982821128405 
0.00000000099999999994 0.83321574164810263685 0.16678425535189739248 0.00000000099999999994 0.00000000099999999994 
0.81619537081681292623 0.03377538338959060887 0.11194035986385916792 0.00887723147993245247 0.02921165444980482542 
0.61140870451391304830 0.02791516502124422733 0.34967540490732768044 0.00000000099999999999 0.01100072455751500630 
0.68046091915501261127 0.05972199731447358495 0.24895615100693657684 0.00012198671818049640 0.01073894580539686179 
0.04840495896645550383 0.09924552960251160905 0.79486964091360179374 0.00000000099999999999 0.05747986951743101758 
0.00000000099999999999 0.17244454827136493358 0.82751481934482340463 0.00000000099999999999 0.00004063038381178237 
0.00000000099999999997 0.00000000099999999997 0.99999999600000000211 0.00000000099999999997 0.00000000099999999997 
0.12686328185710007976 0.35881698667780032030 0.51431972946509962874 0.00000000099999999999 0.00000000099999999999 
0.00000000099999999997 0.59821266484449631129 0.40178733215550371805 0.00000000099999999997 0.00000000099999999997 
0.82485204852903282191 0.03635449737050304442 0.09451913885031582030 0.01394993759991256313 0.03032437765023571555 
0.61832521255702077578 0.03797310418962778628 0.33771607626511179756 0.00000000100000000000 0.00598560598823950907 
0.68878602235888153338 0.05749466124666837569 0.25371868192620417037 0.00000000100000000000 0.00000063346824589887 
0.06483713223153497740 0.07247622925906546665 0.81300198445244409307 0.00000000099999999999 0.04968465305695533851 
0.00074903883537870300 0.15351259708030784434 0.84476566508743078376 0.00000000099999999999 0.00097269799688268590 
0.00000000099999999998 0.01231273235206802041 0.98768726464793188402 0.00000000099999999998 0.00000000099999999998 
0.00000000099999999994 0.84390601901506578919 0.15609397798493415688 0.00000000099999999994 0.00000000099999999994 
0.81079182979404784692 0.03339597996357605847 0.11416829368596904948 0.01771218436205110672 0.02393171219435602515 
0.60564752233367591394 0.04631592472206688682 0.33763245251313622752 0.00000000099999999999 0.01040409943112104683 
0.99999999600000011313 0.00000000099999999998 0.00000000099999999998 0.00000000099999999998 0.00000000099999999998 
0.71141734507105369723 0.04549800806186958535 0.24289890877796349589 0.00000000100000000000 0.00018573708911320111 
0.02591749269551212043 0.09408832989782504874 0.85655762168203242179 0.00000000099999999999 0.02343655472463045120 
0.00000001984027854110 0.16027919583118985236 0.83972058366259194617 0.00000000099999999999 0.00000019966593972757 
0.14415341151539728948 0.35588151731436479253 0.49261630492357560973 0.00000000100000000000 0.00734876524666239726 
0.00000000099999999995 0.83685217218749019530 0.16314782481250975077 0.00000000099999999995 0.00000000099999999995 
0.66504214887770263243 0.05222224409285079749 0.28273541120542339256 0.00000000100000000000 0.00000019482402328476 
0.80051595280549125988 0.03408368732508473831 0.12474046216916473417 0.02025792385934599080 0.02040197384091323174 
0.61411573574239486373 0.04702715122360610900 0.33840539505365824224 0.00000000100000000000 0.00045171698034074436 
0.62567495758169955344 0.05922983682869633476 0.29072475889635501778 0.00000000100000000000 0.02437044569324929577 
0.03276299882218122045 0.08189566153485348943 0.84447291529957679845 0.00000000099999999999 0.04086842334338855465 
0.00000062281704835344 0.15644196807076782285 0.84355740711218385464 0.00000000099999999999 0.00000000099999999999 
0.00000000099999999997 0.00000000099999999997 0.00000000099999999997 0.00000000099999999997 0.99999999599999989108 
0.11863977967845724948 0.38638863442670090542 0.49497158389484186003 0.00000000099999999999 0.00000000099999999999 
0.00000000099999999997 0.00000000099999999997 0.99999999599999989108 0.00000000099999999997 0.00000000099999999997 
0.00000000099999999994 0.83926596348566417927 0.16073403351433596109 0.00000000099999999994 0.00000000099999999994 
0.80372942801823010761 0.04305217741564060924 0.10331253288510358623 0.01392253058271037194 0.03598333109831534232 
0.59212408421024997907 0.05716012578966562369 0.35069920512534524804 0.00000000100000000000 0.00001658387473933959 
0.68616926047430981672 0.06036439132299666055 0.25184881445932466582 0.00060934889291275611 0.00100818485045604529 
0.05269215667027399297 0.07481840352560149843 0.81435721469017963159 0.00000000099999999999 0.05813222411394500244 
0.00000000099999999998 0.17639729990068006571 0.82360269709931999138 0.00000000099999999998 0.00000000099999999998 
0.00000000099999999998 0.00000000099999999998 0.43282411166420481363 0.00000000099999999998 0.56717588533579521570 
0.98695476173153895427 0.00000000099999999998 0.01304523526846113057 0.00000000099999999998 0.00000000099999999998 
0.00000000099999999994 0.00000000099999999994 0.99999999599999989108 0.00000000099999999994 0.00000000099999999994 
0.00000000099999999994 0.00000000099999999994 0.00000000099999999994 0.00000000099999999994 0.99999999599999989108 
0.12054696230786537958 0.37109915028601808684 0.49334973546107502296 0.00000000099999999999 0.01500415094504154410 
0.00000000099999999998 0.00000000099999999998 0.02368393327453686276 0.00000000099999999998 0.97631606372546309025 
0.00000000099999999999 0.00000000099999999999 0.41802971083399242946 0.00000000099999999999 0.58197028616600743334 
0.00000000099999999996 0.00000000099999999996 0.00000000099999999996 0.00000000099999999996 0.99999999600000000211 
0.00000000099999999998 0.00000000099999999998 0.42677111302242121127 0.00000000099999999998 0.57322888397757887358 
0.00000000099999999994 0.00000000099999999994 0.99999999599999989108 0.00000000099999999994 0.00000000099999999994 
0.98394191225965399461 0.00000000099999999998 0.01605808474034613534 0.00000000099999999998 0.00000000099999999998 
0.00000000099999999998 0.00000000099999999998 0.43490794509345198637 0.00000000099999999998 0.56509205190654809847 
0.00000000099999999998 0.00000000099999999998 0.42623958613382872951 0.00000000099999999998 0.57376041086617124432 
0.00000000099999999998 0.47367073697843425917 0.52632926002156565914 0.00000000099999999998 0.00000000099999999998 
0.00000000099999999998 0.64535435686839592861 0.35464564013160415623 0.00000000099999999998 0.00000000099999999998 
0.00000000099999999999 0.63327028235751714469 0.36672971464248282913 0.00000000099999999999 0.00000000099999999999 
0.09279845270618292119 0.36017058264736523387 0.51518102439480295551 0.03184993925164888301 0.00000000100000000000 
0.09968912056851891856 0.38568587640418544593 0.47587958326133777964 0.03397326482324057595 0.00477215494271722874 
0.10691334857997093766 0.38169805873822160169 0.47488247945164629993 0.03650608870584423626 0.00000002452431692484 
0.10011747558638518785 0.35487354634182627366 0.51393852732131739547 0.03107044975047114702 0.00000000100000000000 
0.00000000099999999994 0.00000000099999999994 0.00000000099999999994 0.00000000099999999994 0.99999999599999989108 
0.00000000099999999992 0.00000000099999999992 0.00000000099999999992 0.00000000099999999992 0.99999999600000000211 
0.00000000099999999991 0.00000000099999999991 0.00000000099999999991 0.00000000099999999991 0.99999999599999989108 
0.00000000099999999993 0.00000000099999999993 0.00000000099999999993 0.00000000099999999993 0.99999999600000000211 
0.00000000099999999992 0.00000000099999999992 0.00000000099999999992 0.00000000099999999992 0.99999999599999989108 
0.00000000099999999998 0.63611609051558637429 0.36388390648441359954 0.00000000099999999998 0.00000000099999999998 
0.00000000099999999998 0.59139988087360972902 0.40860011612639030032 0.00000000099999999998 0.00000000099999999998 
0.66261114678835619785 0.03978410762795620004 0.29760442426752709011 0.00000000099999999999 0.00000032031616059031 
0.00000000099999999994 0.00000000099999999994 0.00000000099999999994 0.00000000099999999994 0.99999999600000000211 
0.00000000099999999989 0.00000000099999999989 0.00000000099999999989 0.99999999600000000211 0.00000000099999999989 
0.00000000099999999995 0.00000000099999999995 0.00000000099999999995 0.00000000099999999995 0.99999999599999989108 
0.95504856490182898909 0.00000008264986668520 0.02440345599055167292 0.00000000099999999999 0.02054789545775270385 
0.01169685362447829904 0.15413434516528912166 0.83416779709106358975 0.00000000099999999999 0.00000100311916901878 
0.00000000099999999986 0.00000000099999999986 0.00000000099999999986 0.99999999600000000211 0.00000000099999999986 
0.00000000099999999983 0.00000000099999999983 0.00000000099999999983 0.99999999599999989108 0.00000000099999999983 
0.00000000099999999994 0.00000000099999999994 0.00000000099999999994 0.00000000099999999994 0.99999999599999989108 
0.00000000099999999991 0.00000000099999999991 0.99999999600000000211 0.00000000099999999991 0.00000000099999999991 
0.23247717527882949540 0.00000000099999999998 0.64115053431853596955 0.00000000099999999998 0.12637228840263450835 
0.64421914698735094351 0.06894861788859148188 0.27563743561142389771 0.00000000100000000000 0.01119479851263365140 
0.00000000099999999989 0.00000000099999999989 0.00000000099999999989 0.99999999599999989108 0.00000000099999999989 
0.00000000099999999986 0.00000000099999999986 0.00000000099999999986 0.99999999600000000211 0.00000000099999999986 
0.97711237188966271194 0.00000000099999999999 0.02288762511033728964 0.00000000099999999999 0.00000000099999999999 
0.03451673840423755829 0.13116144539735127839 0.77769585203937685591 0.00000000099999999999 0.05662596315903431488 
0.00000000099999999987 0.00000000099999999987 0.00000000099999999987 0.99999999599999989108 0.00000000099999999987 
0.00000000099999999982 0.00000000099999999982 0.00000000099999999982 0.99999999600000000211 0.00000000099999999982 
0.00000000099999999993 0.00000000099999999993 0.00000000099999999993 0.00000000099999999993 0.99999999600000000211 
0.00000000099999999995 0.00000000099999999995 0.99999999600000000211 0.00000000099999999995 0.00000000099999999995 
0.23701197016067407364 0.00000000099999999998 0.65387113183672851413 0.00000000099999999998 0.10911689600259741328 
0.65364961848214264695 0.03367244804549329035 0.30792687367060372905 0.00000000100000000000 0.00475105880176043393 
0.00000000099999999985 0.00000000099999999985 0.00000000099999999985 0.99999999599999989108 0.00000000099999999985 
0.00000000099999999986 0.00000000099999999986 0.00000000099999999986 0.99999999600000000211 0.00000000099999999986 
0.00000000099999999996 0.00000000099999999996 0.00000000099999999996 0.00000000099999999996 0.99999999600000000211 
0.99999964842307997870 0.00000033407372566476 0.00000001550319424828 0.00000000100000000000 0.00000000100000000000 
0.00000000099999999999 0.16243250627047370327 0.83756749072952640933 0.00000000099999999999 0.00000000099999999999 
0.00000000099999999985 0.00000000099999999985 0.00000000099999999985 0.99999999599999989108 0.00000000099999999985 
0.00000000099999999983 0.00000000099999999983 0.00000000099999999983 0.99999999599999989108 0.00000000099999999983 
0.00000000099999999994 0.00000000099999999994 0.99999999600000000211 0.00000000099999999994 0.00000000099999999994 
0.22715331004989178232 0.00000000099999999999 0.63774440033710011466 0.00000000099999999999 0.13510228761300799305 
0.66460052312465400792 0.04128521132584425657 0.29405280682027601369 0.00000000099999999999 0.00006145772922573429 
0.00000000099999999984 0.00000000099999999984 0.00000000099999999984 0.99999999600000000211 0.00000000099999999984 
0.00000000099999999986 0.00000000099999999986 0.00000000099999999986 0.99999999599999989108 0.00000000099999999986 
0.00000000099999999996 0.00000000099999999996 0.00000000099999999996 0.00000000099999999996 0.99999999599999989108 
0.97012658369166737682 0.00000000099999999999 0.02965550796327557151 0.00000000099999999999 0.00021790634505705766 
0.00000000099999999998 0.20370761649499977142 0.79629238050500028567 0.00000000099999999998 0.00000000099999999998 
0.00000000099999999985 0.00000000099999999985 0.00000000099999999985 0.99999999599999989108 0.00000000099999999985 
0.00000000099999999982 0.00000000099999999982 0.00000000099999999982 0.99999999599999989108 0.00000000099999999982 
0.12581263713522003456 0.38275399113756519709 0.46006064398549578742 0.03137272674171887044 0.00000000100000000000 
0.23951919087781572970 0.00000000099999999999 0.65492875815541518048 0.00000000099999999999 0.10555204896676904924 
0.68246119797308790744 0.05897992073716804701 0.23699882892630988462 0.00000000100000000000 0.02156005136343414758 
0.00000000099999999985 0.00000000099999999985 0.00000000099999999985 0.99999999599999989108 0.00000000099999999985 
0.00000000099999999984 0.00000000099999999984 0.00000000099999999984 0.99999999600000000211 0.00000000099999999984 
0.00000000099999999993 0.00000000099999999993 0.00000000099999999993 0.00000000099999999993 0.99999999600000000211 
0.97307600642575620142 0.00000000099999999999 0.01649827102161781703 0.00000000099999999999 0.01042572055262601730 
0.00000000099999999997 0.16565501059809514817 0.83434498640190501995 0.00000000099999999997 0.00000000099999999997 
0.00000000099999999986 0.00000000099999999986 0.00000000099999999986 0.99999999600000000211 0.00000000099999999986 
0.00000000099999999982 0.00000000099999999982 0.00000000099999999982 0.99999999600000000211 0.00000000099999999982 
0.12540020804663606913 0.37517852925285471999 0.46540099470778090174 0.03402026699272821253 0.00000000100000000000 
0.08077368640913398790 0.00000055323409768636 0.12546929613115120894 0.00000000099999999999 0.79375646322561710377 
0.00000000099999999993 0.00000000099999999993 0.00000000099999999993 0.00000000099999999993 0.99999999600000000211 
0.00000000099999999985 0.00000000099999999985 0.00000000099999999985 0.99999999600000000211 0.00000000099999999985 
0.00000000099999999986 0.00000000099999999986 0.00000000099999999986 0.99999999600000000211 0.00000000099999999986 
0.00000000099999999998 0.00000000099999999998 0.03796959477693682972 0.00000000099999999998 0.96203040222306313023 
0.99381814390131895109 0.00000000099999999999 0.00000706916323423609 0.00000000099999999999 0.00617478493544684932 
0.00000000099999999999 0.17240994418241456509 0.82759005281758546424 0.00000000099999999999 0.00000000099999999999 
0.00000000099999999985 0.00000000099999999985 0.00000000099999999985 0.99999999600000000211 0.00000000099999999985 
0.00000000099999999981 0.00000000099999999981 0.00000000099999999981 0.99999999599999989108 0.00000000099999999981 
0.09957650122157811479 0.40070667500037238096 0.46255454040045179687 0.03716228237759776343 0.00000000100000000000 
0.09127530387675654444 0.00000000100000000000 0.10115982920961798242 0.00000000100000000000 0.80756486491362555746 
0.00000000099999999994 0.00000000099999999994 0.00000000099999999994 0.00000000099999999994 0.99999999599999989108 
0.00000000099999999985 0.00000000099999999985 0.00000000099999999985 0.99999999600000000211 0.00000000099999999985 
0.00000000099999999987 0.00000000099999999987 0.00000000099999999987 0.99999999600000000211 0.00000000099999999987 
0.00000000099999999998 0.00000000099999999998 0.00812762184324791054 0.00000000099999999998 0.99187237515675208410 
0.98245480556714592790 0.00000000099999999999 0.01754518705407256615 0.00000000099999999999 0.00000000537878149378 
