0.00000000100000000000 0.00001022705921596900 0.09770795107532510848 0.15984898453621754211 0.74111651996345195847 0.00131631636578949775 
0.99999999500000014141 0.00000000099999999985 0.00000000099999999985 0.00000000099999999985 0.00000000099999999985 0.00000000099999999985 
0.00000000099999999999 0.00000000099999999999 0.40594790601610397651 0.45741124609961258951 0.13664084488428335229 0.00000000099999999999 
0.99999999500000014141 0.00000000099999999986 0.00000000099999999986 0.00000000099999999986 0.00000000099999999986 0.00000000099999999986 
0.00000000099999999994 0.00000000099999999994 0.99999999499999991937 0.00000000099999999994 0.00000000099999999994 0.00000000099999999994 
0.99999999500000014141 0.00000000099999999981 0.00000000099999999981 0.00000000099999999981 0.00000000099999999981 0.00000000099999999981 
0.99999999500000003039 0.00000000099999999988 0.00000000099999999988 0.00000000099999999988 0.00000000099999999988 0.00000000099999999988 
0.67087102678357324326 0.32912896921642686987 0.00000000099999999993 0.00000000099999999993 0.00000000099999999993 0.00000000099999999993 
0.99999999500000003039 0.00000000099999999981 0.00000000099999999981 0.00000000099999999981 0.00000000099999999981 0.00000000099999999981 
0.65871959889974729396 0.34128039710025287468 0.00000000099999999992 0.00000000099999999992 0.00000000099999999992 0.00000000099999999992 
0.99999999500000003039 0.00000000099999999984 0.00000000099999999984 0.00000000099999999984 0.00000000099999999984 0.00000000099999999984 
0.00000830189530138847 0.00016203542516117129 0.14147340347534292926 0.14859876587566467343 0.70974700269473389724 0.00001049063379591090 
0.99999999500000014141 0.00000000099999999984 0.00000000099999999984 0.00000000099999999984 0.00000000099999999984 0.00000000099999999984 
0.93019479813456573680 0.06980519786543433469 0.00000000099999999990 0.00000000099999999990 0.00000000099999999990 0.00000000099999999990 
0.99999999500000003039 0.00000000099999999983 0.00000000099999999983 0.00000000099999999983 0.00000000099999999983 0.00000000099999999983 
0.00000000099999999995 0.00000000099999999995 0.43582787755114738015 0.56417211844885262195 0.00000000099999999995 0.00000000099999999995 
0.00000000099999999999 0.00044815491630992126 0.09901317184829699913 0.17427912970152334426 0.72445504703020613402 0.00180449550366353789 
0.99999999500000003039 0.00000000099999999983 0.00000000099999999983 0.00000000099999999983 0.00000000099999999983 0.00000000099999999983 
0.67343383176667304113 0.32656616423332718302 0.00000000099999999994 0.00000000099999999994 0.00000000099999999994 0.00000000099999999994 
0.00000000099999999995 0.00000000099999999995 0.39916235637506408684 0.60083763962493597077 0.00000000099999999995 0.00000000099999999995 
0.00000002460428420753 0.00025957078644489947 0.08749017011274029532 0.17924086321945895128 0.72927699832500858523 0.00373237295206304328 
0.00000000099999999999 0.00000000099999999999 0.33251220838192457885 0.48523802447282449180 0.18224976414525098645 0.00000000099999999999 
0.00000000100000000000 0.02561126139787284900 0.81939096150225243509 0.14147577975434577624 0.01352102070428667924 0.00000097564124228864 
0.65242702114503547950 0.34757297485496452261 0.00000000099999999992 0.00000000099999999992 0.00000000099999999992 0.00000000099999999992 
0.00000000099999999999 0.00000000099999999999 0.13094052256586419247 0.15010555736312750086 0.71895391707100819723 0.00000000099999999999 
0.79459350086940627733 0.20540649513059375253 0.00000000099999999992 0.00000000099999999992 0.00000000099999999992 0.00000000099999999992 
0.00000000099999999996 0.00000000099999999996 0.00000000099999999996 0.35942177395321855959 0.00000000099999999996 0.64057822204678138700 
0.00000000099999999999 0.00000000099999999999 0.13476898155318850492 0.15574188566821234314 0.70948912977859912576 0.00000000099999999999 
0.00000000099999999999 0.00000000099999999999 0.09884024017701022180 0.18820340966308712893 0.70911737630821991551 0.00383897185168278858 
0.00000000099999999996 0.32881641102000758181 0.00000000099999999996 0.65429361507825112287 0.00000000099999999996 0.01688997090174145996 
0.00000000099999999996 0.00000000099999999996 0.45780365737316369712 0.54219633862683636050 0.00000000099999999996 0.00000000099999999996 
0.00000000099999999993 0.00000000099999999993 0.99999999499999991937 0.00000000099999999993 0.00000000099999999993 0.00000000099999999993 
0.00000000100000000000 0.01258245109655316968 0.09114727229345041815 0.18811919089469089639 0.70364534285103286226 0.00450574186427271997 
0.00000000099999999999 0.00000000099999999999 0.36228347215174910856 0.44109741683342584828 0.19534504355309503798 0.00127406546172989933 
0.00000000099999999996 0.00000000099999999996 0.99999999499999991937 0.00000000099999999996 0.00000000099999999996 0.00000000099999999996 
0.00000000099999999991 0.00000000099999999991 0.00000000099999999991 0.99999999500000003039 0.00000000099999999991 0.00000000099999999991 
0.00000000100000000000 0.00000000100000000000 0.12403164656150346412 0.14952145716061399083 0.72644670574103975547 0.00000018853684275688 
0.88600920176556707819 0.11399079423443297943 0.00000000099999999992 0.00000000099999999992 0.00000000099999999992 0.00000000099999999992 
0.89767280407507654694 0.10232719192492349680 0.00000000099999999992 0.00000000099999999992 0.00000000099999999992 0.00000000099999999992 
0.00000000099999999998 0.00000000099999999998 0.00000000099999999998 0.00005146827739170340 0.00000000099999999998 0.99994852772260822693 
0.00000000100000000000 0.00000057205226602596 0.09811753807502680835 0.14800678621139909397 0.74387285572750661000 0.01000224693380135157 
0.00000000099999999996 0.34694486204611479918 0.00000000099999999996 0.65305513395388514741 0.00000000099999999996 0.00000000099999999996 
0.00000000099999999996 0.00000000099999999996 0.00000000099999999996 0.00000000099999999996 0.00000000099999999996 0.99999999499999991937 
0.00000001015933508215 0.02400478548256805567 0.10627980197521931516 0.20898561745109872634 0.64278038148818339437 0.01794940344359532980 
0.00000000100000000000 0.01968109197806333296 0.10083504770429979613 0.19970778039483799704 0.67742903376486551803 0.00234704515793329694 
0.00000000099999999999 0.00000000099999999999 0.27680125850586617675 0.51400315679531083379 0.20812066153285405101 0.00107492116596894513 
0.00000000099999999997 0.00000000099999999997 0.89346638854099025284 0.10653360745900976314 0.00000000099999999997 0.00000000099999999997 
0.00000000099999999985 0.00000000099999999985 0.00000000099999999985 0.99999999499999991937 0.00000000099999999985 0.00000000099999999985 
0.00000000099999999995 0.00000000099999999995 0.45473252893458743218 0.54526746706541273646 0.00000000099999999995 0.00000000099999999995 
0.00000000099999999995 0.00000000099999999995 0.43294883584159704615 0.56705116015840295596 0.00000000099999999995 0.00000000099999999995 
0.00000000100000000000 0.00000001662054710517 0.13082268075542491381 0.15651586938170394814 0.71266141382854464315 0.00000001841377942473 
0.67021084433666122671 0.32978915166333894193 0.00000000099999999993 0.00000000099999999993 0.00000000099999999993 0.00000000099999999993 
0.00000000099999999996 0.00000000099999999996 0.00000000099999999996 0.00000000099999999996 0.00000000099999999996 0.99999999500000003039 
0.00000000099999999999 0.00000030056291450344 0.07742751702927767876 0.16210052664834420644 0.74711444263420978551 0.01335721212525367053 
0.00000000099999999997 0.34210893745898329765 0.00000000099999999997 0.64002924773372504852 0.00000000099999999997 0.01786181180729181500 
0.00000000099999999996 0.00000000099999999996 0.00000000099999999996 0.00000000099999999996 0.00000000099999999996 0.99999999499999991937 
0.00000000100000000000 0.01026934026648296770 0.14347976303177728541 0.19653903860349075661 0.64076821073262679729 0.00894364636562222128 
0.00000000099999999999 0.00000000099999999999 0.14330049369266575909 0.13926475390336842675 0.71743474940396567696 0.00000000099999999999 
0.00000000099999999999 0.00000000099999999999 0.34160793947428197415 0.45982200158570007975 0.19643365876804799730 0.00213639817196985878 
0.00000000099999999992 0.00000000099999999992 0.99999999499999991937 0.00000000099999999992 0.00000000099999999992 0.00000000099999999992 
0.00000000099999999995 0.00000000099999999995 0.99999999499999991937 0.00000000099999999995 0.00000000099999999995 0.00000000099999999995 
0.00000000099999999996 0.00000000099999999996 0.41915993317973621046 0.58084006282026379164 0.00000000099999999996 0.00000000099999999996 
0.00000000100000000000 0.02754249988020004633 0.09276519762958518323 0.21248077297711323586 0.66537238133121490158 0.00183914718188664720 
0.90465353211096477537 0.09534646388903522674 0.00000000099999999991 0.00000000099999999991 0.00000000099999999991 0.00000000099999999991 
0.00000000099999999985 0.00000000099999999985 0.00000000099999999985 0.99999999499999991937 0.00000000099999999985 0.00000000099999999985 
0.00000000099999999996 0.00000000099999999996 0.00000000099999999996 0.00000000099999999996 0.00000000099999999996 0.99999999500000003039 
0.66673623871288345555 0.33326375728711671309 0.00000000099999999993 0.00000000099999999993 0.00000000099999999993 0.00000000099999999993 
0.00000000099999999996 0.32058761405084029716 0.00000000099999999996 0.65514338111771741602 0.00000000099999999996 0.02426900183144229187 
0.00000000099999999996 0.00000000099999999996 0.00000000099999999996 0.00000000099999999996 0.00000000099999999996 0.99999999499999991937 
0.00000000099999999987 0.00000000099999999987 0.00000000099999999987 0.99999999499999991937 0.00000000099999999987 0.00000000099999999987 
0.00000000099999999999 0.00000000099999999999 0.32701734911595337074 0.47285483427522234656 0.20012781360882422876 0.00000000099999999999 
0.88041129193224798577 0.11958870406775219675 0.00000000099999999991 0.00000000099999999991 0.00000000099999999991 0.00000000099999999991 
0.00000000099999999995 0.00000000099999999995 0.99999999500000003039 0.00000000099999999995 0.00000000099999999995 0.00000000099999999995 
0.00000000099999999995 0.00000000099999999995 0.43038334258004273813 0.56961665341995737499 0.00000000099999999995 0.00000000099999999995 
0.90615802670080036751 0.09384196929919957908 0.00000000099999999992 0.00000000099999999992 0.00000000099999999992 0.00000000099999999992 
0.00000000099999999997 0.32719892654098725604 0.00000000099999999997 0.65925967597983348156 0.00000000099999999997 0.01354139447917938367 
0.65176499874819049385 0.34823499725180956377 0.00000000099999999993 0.00000000099999999993 0.00000000099999999993 0.00000000099999999993 
0.00000000099999999996 0.35844252758619765675 0.00000000099999999996 0.64148819424810976653 0.00000000099999999996 0.00006927516569259721 
0.00000000099999999995 0.00000000099999999995 0.40810076868248801318 0.59189922731751187790 0.00000000099999999995 0.00000000099999999995 
0.00000000099999999996 0.00000000099999999996 0.00000000099999999996 0.00000000099999999996 0.00000000099999999996 0.99999999499999991937 
0.00000000099999999999 0.00000000099999999999 0.31327148850721198148 0.46270509474029347663 0.21956029774801655297 0.00446311700447789023 
0.00000000099999999997 0.00000000099999999997 0.99999999500000003039 0.00000000099999999997 0.00000000099999999997 0.00000000099999999997 
0.00000000099999999995 0.00000000099999999995 0.98533449572592801680 0.01466550027407187255 0.00000000099999999995 0.00000000099999999995 
0.00000000099999999999 0.00000000099999999999 0.13550937376590954653 0.16958989043252667428 0.69490073280156383628 0.00000000099999999999 
0.86194169715845758706 0.13805829884154235954 0.00000000099999999992 0.00000000099999999992 0.00000000099999999992 0.00000000099999999992 
0.00000000099999999996 0.35363733503919253520 0.00000000099999999996 0.64046513940979632462 0.00000000099999999996 0.00589752255101103247 
0.00000000099999999996 0.00000000099999999996 0.87188533728515327237 0.12811465871484675749 0.00000000099999999996 0.00000000099999999996 
0.00000000099999999994 0.00000000099999999994 0.99999999499999991937 0.00000000099999999994 0.00000000099999999994 0.00000000099999999994 
0.00041197374062671262 0.00996582538829916473 0.10817985952955483375 0.88133631221190966709 0.00010602812960960644 0.00000000100000000000 
0.00000000099999999996 0.34185209814487771407 0.00000000099999999996 0.64550618886107213878 0.00000000099999999996 0.01264170999405026322 
0.00000000099999999991 0.00000000099999999991 0.99999999500000003039 0.00000000099999999991 0.00000000099999999991 0.00000000099999999991 
0.00000000099999999999 0.00000000099999999999 0.32829524968461165635 0.46493085790670030111 0.20067583801003943678 0.00609805239864849320 
0.00000000099999999998 0.00000000099999999998 0.00000000099999999998 0.00719955099985887179 0.00000000099999999998 0.99280044500014108522 
0.99999999500000003039 0.00000000099999999982 0.00000000099999999982 0.00000000099999999982 0.00000000099999999982 0.00000000099999999982 
0.03802351965733109795 0.15015221434201361794 0.00000000099999999999 0.00000000099999999999 0.81182426300065524405 0.00000000099999999999 
0.30891536247499923329 0.69108463352500082433 0.00000000099999999992 0.00000000099999999992 0.00000000099999999992 0.00000000099999999992 
0.00000000099999999999 0.00000000099999999999 0.00000000622217004816 0.03526544487497721564 0.00000000099999999999 0.96473454590285279142 
0.00000000099999999994 0.62847513433508928049 0.37152486166491088815 0.00000000099999999994 0.00000000099999999994 0.00000000099999999994 
0.04212905850775360700 0.14228798437993378512 0.00000000099999999999 0.00000000099999999999 0.81558295411231240823 0.00000000099999999999 
0.99999999500000014141 0.00000000099999999985 0.00000000099999999985 0.00000000099999999985 0.00000000099999999985 0.00000000099999999985 
0.00000000099999999997 0.00000000099999999997 0.00000000099999999997 0.33393430776362487133 0.00000000099999999997 0.66606568823637501975 
0.00000000099999999997 0.00000000099999999997 0.00000000099999999997 0.32184518284666735477 0.00000000099999999997 0.67815481315333259182 
0.01171116736249931851 0.03954561492360891134 0.11412793088244582718 0.11334853060259349189 0.72119806159477006791 0.00006869463408241864 
0.02565297645250127698 0.14576250342508065283 0.01290427386974071083 0.00006028296193559838 0.81561996229074174014 0.00000000100000000000 
0.30692153881848055486 0.69307845718151950276 0.00000000099999999991 0.00000000099999999991 0.00000000099999999991 0.00000000099999999991 
0.00000000099999999997 0.00000000099999999997 0.00000000099999999997 0.01501688372533321533 0.00000000099999999997 0.98498311227466683881 
0.05184741656628460982 0.15146738048102467711 0.00000000100000000000 0.00000000100000000000 0.79668519995269060363 0.00000000100000000000 
0.00000000099999999996 0.00000000099999999996 0.00000000099999999996 0.00000000099999999996 0.00000000099999999996 0.99999999500000003039 
0.00000000099999999997 0.00000000099999999997 0.00000000099999999997 0.37298836523851497393 0.00000000099999999997 0.62701163076148491715 
0.00000000099999999998 0.00000000099999999998 0.00000000099999999998 0.34240410311806718235 0.00000000099999999998 0.65759589288193276424 
0.00000000099999999997 0.00000000099999999997 0.00000000099999999997 0.28708113913039068343 0.00000000099999999997 0.71291885686960931867 
0.03482902466507623029 0.14791762186662257839 0.00093851151515909035 0.00464540675653397211 0.81166919345384513917 0.00000024174276287253 
0.32674598773562490983 0.67325400826437509227 0.00000000099999999993 0.00000000099999999993 0.00000000099999999993 0.00000000099999999993 
0.00000000099999999999 0.00000000099999999999 0.00000000099999999999 0.02705441104723702028 0.00000000099999999999 0.97294558495276295407 
0.00000000099999999994 0.63146419038101375687 0.36853580561898624524 0.00000000099999999994 0.00000000099999999994 0.00000000099999999994 
0.04425489975359782335 0.14336882876659898245 0.00004247204487087881 0.00000000331949594278 0.81233379511543635232 0.00000000100000000000 
0.00000000099999999998 0.00000000099999999998 0.00000000099999999998 0.00000020779561277862 0.00000000099999999998 0.99999978820438717442 
0.00000000099999999998 0.00000000099999999998 0.00000000099999999998 0.30192273378285988672 0.00000000099999999998 0.69807726221713994885 
0.00000000099999999998 0.00000000099999999998 0.00000000099999999998 0.31729689250839193670 0.00000000099999999998 0.68270310349160800989 
0.99999999500000003039 0.00000000099999999985 0.00000000099999999985 0.00000000099999999985 0.00000000099999999985 0.00000000099999999985 
0.00000000099999999998 0.00000000099999999998 0.00000000099999999998 0.29230060887276282378 0.00000000099999999998 0.70769938712723701180 
0.03448880580688336306 0.14611368067547469973 0.00000442426076169600 0.00106461598005894512 0.81832847227682137259 0.00000000100000000000 
0.32261569565374575985 0.67738430034625429776 0.00000000099999999992 0.00000000099999999992 0.00000000099999999992 0.00000000099999999992 
0.00000000099999999998 0.00000000099999999998 0.00000000099999999998 0.01885692607210667435 0.00000000099999999998 0.98114306992789324102 
0.00000000099999999993 0.62103418762477635706 0.37896580837522364504 0.00000000099999999993 0.00000000099999999993 0.00000000099999999993 
0.01714935185112225272 0.12265278005779829684 0.00000000099999999999 0.00000000099999999999 0.86019786509107931671 0.00000000099999999999 
0.00000000100000000000 0.01970855348631969303 0.12316866140937991758 0.20766663939931470639 0.64599271941434111000 0.00346342529064450934 
0.00000000099999999995 0.00000000099999999995 0.00000000099999999995 0.28969748501737951907 0.00000000099999999995 0.71030251098262042753 
0.00000000099999999997 0.00000000099999999997 0.00000000099999999997 0.28714512368598432701 0.00000000099999999997 0.71285487231401545305 
0.99999999500000003039 0.00000000099999999986 0.00000000099999999986 0.00000000099999999986 0.00000000099999999986 0.00000000099999999986 
0.00000000099999999998 0.00000000099999999998 0.00000000099999999998 0.27151704989745312213 0.00000000099999999998 0.72848294610254693549 
0.02870245155455511052 0.12711220636943981743 0.00000000100000000000 0.01015517790731456163 0.83403016216869052535 0.00000000100000000000 
0.31742206810932199756 0.68257792789067806005 0.00000000099999999992 0.00000000099999999992 0.00000000099999999992 0.00000000099999999992 
0.00000000099999999998 0.00000000099999999998 0.00000000099999999998 0.02297754205046093068 0.00000000099999999998 0.97702245394953901592 
0.00000000099999999993 0.62294080470085899659 0.37705919129914100552 0.00000000099999999993 0.00000000099999999993 0.00000000099999999993 
0.03966529518438097895 0.15472168771484051675 0.00000000099999999999 0.00000000099999999999 0.80561301410077834628 0.00000000099999999999 
0.00000000099999999995 0.00000000099999999995 0.00000000099999999995 0.29031797919845508948 0.00000000099999999995 0.70968201680154496813 
0.01562854089959515511 0.04764276476849237107 0.08623720370006494884 0.09427301459686618368 0.74178949448708175751 0.01442898154789955256 
0.00000000099999999998 0.00000000099999999998 0.00000000099999999998 0.28152527034892887992 0.00000000099999999998 0.71847472565107095566 
0.00000000099999999997 0.00000000099999999997 0.00000000099999999997 0.27233477002417516566 0.00000000099999999997 0.72766522597582483645 
0.00000000100000000000 0.05632169002428713545 0.00081582235097554172 0.04021542861442992112 0.88812670101043622584 0.01452035699987101400 
0.04347901703695691844 0.15185083390161160932 0.00000375441408515924 0.01669756248697068166 0.78796883116037563788 0.00000000100000000000 
0.34149358119429840119 0.65850641480570160091 0.00000000099999999993 0.00000000099999999993 0.00000000099999999993 0.00000000099999999993 
0.00000000099999999998 0.00000000099999999998 0.00000000099999999998 0.01186972570527307369 0.00000000099999999998 0.98813027029472699780 
0.04707859294054275029 0.15282952369745317345 0.00000021073619795063 0.00000000100000000000 0.80009167062580599517 0.00000000100000000000 
0.99999999500000014141 0.00000000099999999982 0.00000000099999999982 0.00000000099999999982 0.00000000099999999982 0.00000000099999999982 
0.00000000099999999999 0.00000003408934331221 0.00000000099999999999 0.28255759596180313187 0.00000000099999999999 0.71744236694885366035 
0.01174377110264010482 0.04445801122685994616 0.09896252177012830609 0.09874531341423113673 0.74607514540313624174 0.00001523708300425534 
0.00000000100000000000 0.05350273805834657170 0.00006581665427937602 0.01695428613720372304 0.89430688470774766241 0.03517027344242279474 
0.00258824836808296040 0.04567738985996756124 0.10135641034407459615 0.08298186755294159611 0.76737908242745367371 0.00001700144747957695 
0.00000000100000000000 0.06082984769597975933 0.01571867692009770376 0.00955772330468724826 0.89874015738346690885 0.01515359369576825543 
0.04042453108722562916 0.14497108791446278175 0.00000116883983480480 0.00000000501364917584 0.81460220820343021142 0.00000099894139743663 
0.30721874149344174931 0.69278125450655825279 0.00000000099999999991 0.00000000099999999991 0.00000000099999999991 0.00000000099999999991 
0.00000000099999999998 0.00000000099999999998 0.00000000099999999998 0.01920258919523158692 0.00000000099999999998 0.98079740680476845682 
0.03516795353802804752 0.16071658770192276400 0.00000034934435722495 0.00217804770892378275 0.80193706070676806785 0.00000000100000000000 
0.99999999500000014141 0.00000000099999999982 0.00000000099999999982 0.00000000099999999982 0.00000000099999999982 0.00000000099999999982 
0.00000000099999999993 0.62232620426996299035 0.37767379173003706727 0.00000000099999999993 0.00000000099999999993 0.00000000099999999993 
0.01577222780880319780 0.04019970993460551117 0.07961259489722517790 0.09834402853626866836 0.76607143782309738977 0.00000000100000000000 
0.00113653398063876302 0.04302679973140408759 0.09250958225289419856 0.10326050659473907933 0.75971512288249276601 0.00035145455783110679 
0.00431990974978221400 0.06938648583751545751 0.00992746950329009836 0.01611691917642070482 0.87114323397932535986 0.02910598175366616719 
0.03108070347049890492 0.15407523191074984359 0.00000000099999999999 0.00000000099999999999 0.81484406161875122532 0.00000000099999999999 
0.30373496701265290110 0.69626502898734710101 0.00000000099999999992 0.00000000099999999992 0.00000000099999999992 0.00000000099999999992 
0.00000000099999999993 0.62288461005643136481 0.37711538594356874832 0.00000000099999999993 0.00000000099999999993 0.00000000099999999993 
0.03607979088126818390 0.15584984619195083044 0.00000000100000000000 0.00000815138953471778 0.80806220953724627876 0.00000000100000000000 
0.99999999500000014141 0.00000000099999999983 0.00000000099999999983 0.00000000099999999983 0.00000000099999999983 0.00000000099999999983 
0.00000000099999999992 0.63214314226764456439 0.36785685373235554874 0.00000000099999999992 0.00000000099999999992 0.00000000099999999992 
0.01028404937186459638 0.06234634117671233183 0.09123124007514792078 0.11724892102978395902 0.71240949391046803907 0.00647995443602318501 
0.00771490388738768455 0.07614577840243408335 0.01575545364789188857 0.03057898969121474950 0.85151602526202241350 0.01828884910904912328 
0.00229024211372970150 0.02319299575370638994 0.00000047506183793613 0.01712321585860845929 0.94165847561372595376 0.01573459559839153130 
0.00255668451149503430 0.07692977209022627827 0.00000213836346864241 0.02240727933261902477 0.87245552462400099980 0.02564860107819003435 
0.00000000100000000000 0.07072640724065996920 0.00176001780247418216 0.02986937757614940153 0.86699552518377887012 0.03064867119693743050 
0.00000000100000000000 0.00000000100000000000 0.13857918956972067881 0.14637918598807850290 0.71504162144220084762 0.00000000100000000000 
0.00000000099999999988 0.00000000099999999988 0.00000000099999999988 0.99999999499999991937 0.00000000099999999988 0.00000000099999999988 
0.00000000099999999994 0.00000000099999999994 0.99999999499999991937 0.00000000099999999994 0.00000000099999999994 0.00000000099999999994 
0.00000000099999999994 0.00000000099999999994 0.99999999499999991937 0.00000000099999999994 0.00000000099999999994 0.00000000099999999994 
0.00000000099999999992 0.62303485351930221192 0.37696514248069773467 0.00000000099999999992 0.00000000099999999992 0.00000000099999999992 
0.00000000099999999986 0.00000000099999999986 0.00000000099999999986 0.99999999500000003039 0.00000000099999999986 0.00000000099999999986 
0.00000000099999999998 0.00000000099999999998 0.88157789216528303911 0.11842210383471694912 0.00000000099999999998 0.00000000099999999998 
0.00000000099999999999 0.00170866955054741463 0.11042617249323734285 0.22740534440273624250 0.64739832621014614666 0.01306148634333289746 
0.00000000100000000000 0.00000856902090150053 0.10217968587483051979 0.20007529347804103859 0.67505985468268503435 0.02267659594354187735 
0.00000000100000000000 0.00206111433033594107 0.08680424892321880748 0.17338708075025155431 0.73774755257830249011 0.00000000241789130189 
0.00000000099999999996 0.00000000769104587029 0.00000000099999999996 0.00000000099999999996 0.00000000099999999996 0.99999998830895409085 
0.00000000099999999998 0.03557638880484469829 0.00000060441175277351 0.01935704497200633339 0.00000000099999999998 0.94506595981139629448 
0.00000000099999999995 0.00000000099999999995 0.00000000099999999995 0.00000000099999999995 0.99999999500000003039 0.00000000099999999995 
0.00000000099999999999 0.00000000099999999999 0.09976244832289801745 0.21944016208371858179 0.66357632600635807485 0.01722106158702537554 
0.00000000099999999999 0.00000000099999999999 0.53939035181459327184 0.30185051930187406510 0.14581669369397987079 0.01294243318955281934 
0.00000000099999999997 0.00000000099999999997 0.00020840382059888121 0.99979159217940105631 0.00000000099999999997 0.00000000099999999997 
0.00000000099999999996 0.00000000099999999996 0.00211409397274351209 0.99788590202725646616 0.00000000099999999996 0.00000000099999999996 
0.00000000099999999994 0.00000000099999999994 0.99999999499999991937 0.00000000099999999994 0.00000000099999999994 0.00000000099999999994 
0.01597619129467222135 0.09296617881383147097 0.04538254540955894561 0.06697410679185482330 0.76343057149035553621 0.01527040619972705980 
0.00000000099999999996 0.00000000099999999996 0.00000000099999999996 0.00000000099999999996 0.99999999499999991937 0.00000000099999999996 
0.00000000099999999999 0.00000000099999999999 0.08892225271702099143 0.25157294427293686034 0.64885865090656746901 0.01064615010347478609 
0.00000000100000000000 0.00337229951374864046 0.09038702161644164568 0.18995800356693989808 0.71443395683065147317 0.00184871747221832471 
0.00000000099999999999 0.00000000099999999999 0.18650909426151263126 0.72587528144876867220 0.03291272633380799145 0.05470289595591075471 
0.00000000099999999997 0.00000000099999999997 0.34426416759497335818 0.65573582840502675495 0.00000000099999999997 0.00000000099999999997 
0.00000000099999999996 0.00000000099999999996 0.00000000099999999996 0.99999999499999991937 0.00000000099999999996 0.00000000099999999996 
0.00000000099999999997 0.00000000099999999997 0.00000000099999999997 0.00000000099999999997 0.99999999500000003039 0.00000000099999999997 
0.00000000099999999992 0.00000000099999999992 0.99999999499999991937 0.00000000099999999992 0.00000000099999999992 0.00000000099999999992 
0.01064458637705029825 0.08808030939281112637 0.04503122964443571907 0.06466200935016283569 0.76710122072584985276 0.02448064450969004296 
0.00000000099999999999 0.00000000099999999999 0.07438923014315504401 0.26950736045261863838 0.64332413798699383811 0.01277926941723237994 
0.00000000100000000000 0.00825492169066389253 0.09386767778140985008 0.15461791310563874347 0.73528898610880544240 0.00797050031348209807 
0.00000000099999999999 0.00000000099999999999 0.19627812415985973482 0.71395271101808299719 0.05023972630954900986 0.03952943651250832163 
0.00000000099999999996 0.00000000099999999996 0.36401248580799339116 0.63598751019200661094 0.00000000099999999996 0.00000000099999999996 
0.00000000099999999997 0.00000000099999999997 0.00000000099999999997 0.00000000099999999997 0.99999999499999991937 0.00000000099999999997 
0.00000000099999999995 0.00000000099999999995 0.99999999500000003039 0.00000000099999999995 0.00000000099999999995 0.00000000099999999995 
0.00000000100000000000 0.07891400732471755275 0.04240726538420788033 0.05731223189344334529 0.79192434294698699215 0.02944215145064430980 
0.00000000099999999999 0.00000000099999999999 0.08500725502415269752 0.24137848858977609123 0.67360331944749751720 0.00001093493857359214 
0.00000000100000000000 0.00173941095804264418 0.08491332714010504934 0.18264474224265095370 0.71456030862972530482 0.01614221002947605066 
0.00000000099999999999 0.00000001707731673172 0.22362226489547393227 0.74279760572906872174 0.01537592996607528226 0.01820418133206540279 
0.00000000099999999998 0.00000000099999999998 0.33383719609434275855 0.66616279990565729907 0.00000000099999999998 0.00000000099999999998 
0.00000000099999999996 0.00000000099999999996 0.03901533628498950190 0.96098465971501034755 0.00000000099999999996 0.00000000099999999996 
0.00000000100000000000 0.00000007846075808634 0.52264170374945817521 0.32434269281795691242 0.15025298205109929861 0.00276254192072750366 
0.00000000099999999993 0.00000000099999999993 0.99999999499999991937 0.00000000099999999993 0.00000000099999999993 0.00000000099999999993 
0.00209713396297573186 0.08155148965979051867 0.04325140186364639233 0.06184905776460353916 0.78580739089220408289 0.02544352585677981532 
0.00000000099999999999 0.00000000099999999999 0.06828484919763845584 0.27801357819345767775 0.64660508787109827189 0.00709648273780549583 
0.00000000100000000000 0.02405538889416949239 0.09507193177658930516 0.17441415781416994002 0.69583725100661175667 0.01062126950845951497 
0.00000000099999999999 0.00000000099999999999 0.21907221253970915464 0.68328071114139110609 0.04830173795892236943 0.04934533635997723211 
0.00000000099999999998 0.00000000099999999998 0.35676934390838643818 0.64323065209161367495 0.00000000099999999998 0.00000000099999999998 
0.00000000099999999996 0.00000000099999999996 0.00000314521806666120 0.99999685078193334409 0.00000000099999999996 0.00000000099999999996 
0.00000000099999999999 0.00000000099999999999 0.52980257882087300469 0.32485226156192498204 0.14534340036450124622 0.00000175725270098492 
0.00000000099999999997 0.00000000099999999997 0.83991769179970687809 0.16008230420029292973 0.00000000099999999997 0.00000000099999999997 
0.00860837140020026016 0.07945158692956534596 0.04531013152813781475 0.04585121366164827267 0.79208641005497837373 0.02869228642546993793 
0.00000000099999999999 0.00000000099999999999 0.07715233865174636607 0.26495261734560393574 0.65498062471075879643 0.00291441729189088764 
0.00000000100000000000 0.01835664715774121616 0.09133772201454004591 0.17944429423997629303 0.71083563491607848484 0.00002570067166388991 
0.00000000099999999999 0.00000000099999999999 0.18064714873229173464 0.71518186803054184519 0.06518525905560015876 0.03898572218156628327 
0.00000000099999999998 0.00000000099999999998 0.34319680647538403084 0.65680318952461613780 0.00000000099999999998 0.00000000099999999998 
0.00000000099999999997 0.00000000099999999997 0.00579969280526839923 0.99420030319473162717 0.00000000099999999997 0.00000000099999999997 
0.00000000099999999992 0.00000000099999999992 0.99999999499999991937 0.00000000099999999992 0.00000000099999999992 0.00000000099999999992 
0.01222304666137644970 0.06855133314616689011 0.04186041761099223990 0.06464541447569858990 0.79140562733947139584 0.02131416076629434608 
0.00000000099999999999 0.00000000099999999999 0.09735584656742733711 0.25579345236217643222 0.63716873519887429200 0.00968196387152193798 
0.00000000099999999996 0.00000000099999999996 0.00000000099999999996 0.00000000099999999996 0.99999999499999991937 0.00000000099999999996 
0.00000000100000000000 0.00777306413367606034 0.08798901537083826663 0.16422880670830125593 0.73942533629810114348 0.00058377648908337259 
0.00000000099999999999 0.00471696964093867681 0.20749875707632955968 0.75245096015873902395 0.02046611090686500239 0.01486720121712769606 
0.00000000099999999997 0.00000000099999999997 0.35036082938138435328 0.64963916661861575985 0.00000000099999999997 0.00000000099999999997 
0.00000000100000000000 0.00000081367459529805 0.53026268568581413909 0.29979072139917350981 0.16049979097384045601 0.00944598726657655888 
0.00000000099999999993 0.00000000099999999993 0.99999999499999991937 0.00000000099999999993 0.00000000099999999993 0.00000000099999999993 
0.00000000099999999999 0.00000026026088539292 0.09360113937324739120 0.20418221418899115682 0.70217235111088072141 0.00004403406599530186 
0.01802206603363541368 0.04627155058034133905 0.05423203464774915133 0.06863552440624619277 0.79178821919334185786 0.02105060513868598285 
0.00000000099999999999 0.00000000099999999999 0.08620499718751931106 0.26292166528308213991 0.65074596183048816211 0.00012737369891033891 
0.00000000100000000000 0.00001089856939924306 0.09768994487386119252 0.21457734273321821261 0.66188719701522402694 0.02583461580829731277 
0.00000000099999999999 0.00000000099999999999 0.19305117484365094671 0.74075226486525580505 0.03365642732951683314 0.03254013096157645085 
0.00000000099999999997 0.00000000099999999997 0.34918643887555284033 0.65081355712444710626 0.00000000099999999997 0.00000000099999999997 
0.00000000099999999997 0.00000000099999999997 0.00000000099999999997 0.00000000099999999997 0.00000000099999999997 0.99999999499999991937 
0.00000000100000000000 0.00016998070558989548 0.56876976457977646007 0.29532924549953143423 0.13457951250288871514 0.00115149571221355093 
0.00000000099999999997 0.00000000099999999997 0.01035485930005697330 0.98964513669994291778 0.00000000099999999997 0.00000000099999999997 
0.00000000099999999993 0.00000000099999999993 0.99999999500000003039 0.00000000099999999993 0.00000000099999999993 0.00000000099999999993 
0.00574199533276562556 0.09257822689751218914 0.04514274634123192909 0.05846316738740350155 0.76745885164839056092 0.03061501239269619548 
0.00000000099999999999 0.00000000099999999999 0.10727494563011830131 0.26625013935454960867 0.62647471820373767937 0.00000019481159449998 
0.00000000364333570663 0.01615019582807097204 0.09179011920368504440 0.17739280419390010546 0.71284054160131171685 0.00182633552969650443 
0.00000000099999999999 0.00000000099999999999 0.18875026265643760071 0.71093869357962735656 0.05174460044151116961 0.04856644132242380479 
0.00000000099999999997 0.00000000099999999997 0.37000246131392217075 0.62999753468607788687 0.00000000099999999997 0.00000000099999999997 
0.00000000099999999998 0.00000000099999999998 0.00000000099999999998 0.43692000875927566872 0.00000000099999999998 0.56307998724072427787 
0.00000000099999999997 0.00000000099999999997 0.00000000099999999997 0.00000000099999999997 0.99999999499999991937 0.00000000099999999997 
0.00000000099999999992 0.00000000099999999992 0.00000000099999999992 0.99999999499999991937 0.00000000099999999992 0.00000000099999999992 
0.00000000099999999994 0.00000000099999999994 0.00000000099999999994 0.00000000099999999994 0.00000000099999999994 0.99999999499999991937 
0.00000000099999999999 0.00000000099999999999 0.53735310244123468681 0.30484135549417135103 0.13757864214616280507 0.02022689791843116855 
0.00000000099999999998 0.02979256430817521506 0.00000000099999999998 0.02254540847859311942 0.00000000099999999998 0.94766202421323164629 
0.00000000099999999999 0.00000000099999999999 0.00000000439721903893 0.42141714228494236982 0.00000080067783647249 0.57858205064000212126 
0.00000000099999999995 0.00000000099999999995 0.00000000099999999995 0.00000000099999999995 0.00000000099999999995 0.99999999499999991937 
0.00000000099999999998 0.00000000099999999998 0.00000000099999999998 0.42909032863027807281 0.00000000099999999998 0.57090966736972170725 
0.00000000099999999993 0.00000000099999999993 0.00000000099999999993 0.99999999499999991937 0.00000000099999999993 0.00000000099999999993 
0.00000000099999999997 0.00000000099999999997 0.00000000099999999997 0.00000000099999999997 0.99999999500000003039 0.00000000099999999997 
0.00000000099999999998 0.00000000099999999998 0.00001670159994159907 0.43734366249132972104 0.00000000099999999998 0.56263963290872864853 
0.00000000099999999998 0.00000000099999999998 0.00000000099999999998 0.43035751796015753179 0.00000000099999999998 0.56964247803984247032 
0.00000000099999999997 0.00000000099999999997 0.71273675538993608303 0.28726324061006386357 0.00000000099999999997 0.00000000099999999997 
0.00000000099999999999 0.00000000700031260999 0.87222596604953017696 0.12777402395015716174 0.00000000099999999999 0.00000000099999999999 
0.00000000099999999999 0.00000002625622485034 0.83999248726594577530 0.13316788824332129182 0.02683959601534469108 0.00000000121916344735 
0.02757301273973824379 0.14096495958146282312 0.40507587004513878615 0.42210067287382252443 0.00428548375983778002 0.00000000100000000000 
0.02618515012333490904 0.15821582052234611782 0.42471309463734463474 0.38072561352230632759 0.01016032019466794195 0.00000000100000000000 
0.03049644915493753342 0.15274100886976993419 0.42244279877820573033 0.37681611113423835180 0.01750363106284836753 0.00000000100000000000 
0.02532657149097644611 0.14160837329292216835 0.40390785260733141904 0.41716833935599811900 0.01198886225277175088 0.00000000100000000000 
0.00000000099999999993 0.00000000099999999993 0.00000000099999999993 0.00000000099999999993 0.00000000099999999993 0.99999999499999991937 
0.00000000099999999991 0.00000000099999999991 0.00000000099999999991 0.00000000099999999991 0.00000000099999999991 0.99999999500000003039 
0.00000000099999999990 0.00000000099999999990 0.00000000099999999990 0.00000000099999999990 0.00000000099999999990 0.99999999499999991937 
0.00000000099999999991 0.00000000099999999991 0.00000000099999999991 0.00000000099999999991 0.00000000099999999991 0.99999999500000003039 
0.00000000099999999991 0.00000000099999999991 0.00000000099999999991 0.00000000099999999991 0.00000000099999999991 0.99999999499999991937 
0.00000000099999999999 0.00948339431654599864 0.84298962993409443101 0.14036568980911279247 0.00716122181257102409 0.00000006312767582442 
0.00000000099999999999 0.00004446957265849176 0.81899490670034513773 0.18096062072699647949 0.00000000099999999999 0.00000000099999999999 
0.00000000099999999999 0.00000000099999999999 0.08863176004323108925 0.21434884540961196553 0.69701932685583112281 0.00000006569132586306 
0.00000000099999999993 0.00000000099999999993 0.00000000099999999993 0.00000000099999999993 0.00000000099999999993 0.99999999500000003039 
0.99999999500000003039 0.00000000099999999988 0.00000000099999999988 0.00000000099999999988 0.00000000099999999988 0.00000000099999999988 
0.00000000099999999994 0.00000000099999999994 0.00000000099999999994 0.00000000099999999994 0.00000000099999999994 0.99999999500000003039 
0.00000000099999999998 0.01369909279754426105 0.00000000099999999998 0.00000000099999999998 0.97004846762964547224 0.01625243657281013471 
0.00000000099999999999 0.00000000099999999999 0.34684431187609887637 0.65314307797723858418 0.00001260060078901416 0.00000000754587367954 
0.99999999500000003039 0.00000000099999999985 0.00000000099999999985 0.00000000099999999985 0.00000000099999999985 0.00000000099999999985 
0.99999999500000003039 0.00000000099999999981 0.00000000099999999981 0.00000000099999999981 0.00000000099999999981 0.00000000099999999981 
0.00000000099999999993 0.00000000099999999993 0.00000000099999999993 0.00000000099999999993 0.00000000099999999993 0.99999999500000003039 
