0.84020691144256376415 0.00000000524903881999 0.00000000100000000000 0.14255080159277511154 0.01506599942630436340 0.00217628028931781802 0.00000000100000000000 
0.00000000099999999983 0.00000000099999999983 0.00000000099999999983 0.00000000099999999983 0.00000000099999999983 0.00000000099999999983 0.99999999399999994765 
0.25814966399899469396 0.19131748456233799160 0.00000000099999999998 0.00000000099999999998 0.55053284743866737205 0.00000000099999999998 0.00000000099999999998 
0.00000000099999999984 0.00000000099999999984 0.00000000099999999984 0.00000000099999999984 0.00000000099999999984 0.00000000099999999984 0.99999999399999994765 
0.00000000099999999993 0.75360810697592417462 0.00000000099999999993 0.00000000099999999993 0.24639188802407582801 0.00000000099999999993 0.00000000099999999993 
0.00000000099999999979 0.00000000099999999979 0.00000000099999999979 0.00000000099999999979 0.00000000099999999979 0.00000000099999999979 0.99999999400000005867 
0.00000000099999999986 0.00000000099999999986 0.00000000099999999986 0.00000000099999999986 0.00000000099999999986 0.00000000099999999986 0.99999999400000005867 
0.00000000099999999989 0.00000000099999999989 0.00000000099999999989 0.00000000099999999989 0.00000000099999999989 0.47948401709068777521 0.52051597790931214416 
0.00000000099999999979 0.00000000099999999979 0.00000000099999999979 0.00000000099999999979 0.00000000099999999979 0.00000000099999999979 0.99999999399999994765 
0.00000000099999999989 0.00000000099999999989 0.00000000099999999989 0.00000000099999999989 0.00000000099999999989 0.49483176790732680272 0.50516822709267306113 
0.00000000099999999982 0.00000000099999999982 0.00000000099999999982 0.00000000099999999982 0.00000000099999999982 0.00000000099999999982 0.99999999400000005867 
0.99999999400000016969 0.00000000099999999997 0.00000000099999999997 0.00000000099999999997 0.00000000099999999997 0.00000000099999999997 0.00000000099999999997 
0.00000000099999999983 0.00000000099999999983 0.00000000099999999983 0.00000000099999999983 0.00000000099999999983 0.00000000099999999983 0.99999999399999994765 
0.00000000099999999987 0.00000000099999999987 0.00000000099999999987 0.00000000099999999987 0.00000000099999999987 0.13305402440965821698 0.86694597059034173014 
0.00000000099999999981 0.00000000099999999981 0.00000000099999999981 0.00000000099999999981 0.00000000099999999981 0.00000000099999999981 0.99999999400000005867 
0.00000000099999999997 0.19197786436594727055 0.00000000099999999997 0.00000000099999999997 0.80802213063405270432 0.00000000099999999997 0.00000000099999999997 
0.83137964151103838084 0.00024250411376522640 0.00000360233592745003 0.14201765899679680283 0.02635568368904944725 0.00000090835342282760 0.00000000099999999999 
0.00000000099999999981 0.00000000099999999981 0.00000000099999999981 0.00000000099999999981 0.00000000099999999981 0.00000000099999999981 0.99999999400000005867 
0.00000000099999999990 0.00000000099999999990 0.00000000099999999990 0.00000000099999999990 0.00000000099999999990 0.47389826188474420965 0.52610173311525565421 
0.00000122024268474747 0.17330585743695300915 0.00000000099999999998 0.00000000099999999998 0.82669291832036229106 0.00000000099999999998 0.00000000099999999998 
0.84728425786465255687 0.00000000099999999999 0.00000000099999999999 0.12659400800354803085 0.02610372035870733159 0.00001801077309201026 0.00000000099999999999 
0.35647195820380578324 0.10958612220888785949 0.00000000099999999997 0.00000000099999999997 0.53394191558730630387 0.00000000099999999997 0.00000000099999999997 
0.02984636150200508514 0.61340954060870622744 0.00000000099999999999 0.00000000099999999999 0.35674392136749205617 0.00000017352179654238 0.00000000099999999999 
0.00000000099999999989 0.00000000099999999989 0.00000000099999999989 0.00000000099999999989 0.00000000099999999989 0.50112457682998001740 0.49887541817002001299 
0.99999999400000016969 0.00000000099999999996 0.00000000099999999996 0.00000000099999999996 0.00000000099999999996 0.00000000099999999996 0.00000000099999999996 
0.00000000099999999989 0.00000000099999999989 0.00000000099999999989 0.00000000099999999989 0.00000000099999999989 0.32196034827310499038 0.67803964672689487347 
0.00000000099999999995 0.00000000099999999995 0.65107023350872672562 0.00000000099999999995 0.34892976149127324925 0.00000000099999999995 0.00000000099999999995 
0.99999999400000016969 0.00000000099999999996 0.00000000099999999996 0.00000000099999999996 0.00000000099999999996 0.00000000099999999996 0.00000000099999999996 
0.78553716852703614482 0.00002566431122129239 0.00220505142594455564 0.15430967391113833975 0.05792243982465973551 0.00000000099999999999 0.00000000099999999999 
0.00000000099999999997 0.00000000099999999997 0.11870748707839000324 0.27860822493635506447 0.60268428398525486500 0.00000000099999999997 0.00000000099999999997 
0.00000000099999999998 0.20576077321992358726 0.00000000099999999998 0.00000000099999999998 0.79423922178007644312 0.00000000099999999998 0.00000000099999999998 
0.00000000099999999992 0.76971081448265565861 0.00000000099999999992 0.00000000099999999992 0.23028918051734439953 0.00000000099999999992 0.00000000099999999992 
0.78734378651820102757 0.00000868340743606255 0.00036097665857975469 0.14031064022095995902 0.05490355412964672416 0.01707235806517649196 0.00000000100000000000 
0.34968630927871108272 0.15990789155498766339 0.00000000099999999998 0.00000000099999999998 0.49040579516630145029 0.00000000099999999998 0.00000000099999999998 
0.00000000099999999995 0.76211865752864127455 0.00000000099999999995 0.00000000099999999995 0.23788133747135875584 0.00000000099999999995 0.00000000099999999995 
0.00000000099999999990 0.00000000099999999990 0.00000000099999999990 0.00000000099999999990 0.99999999399999994765 0.00000000099999999990 0.00000000099999999990 
0.99999999400000005867 0.00000000099999999997 0.00000000099999999997 0.00000000099999999997 0.00000000099999999997 0.00000000099999999997 0.00000000099999999997 
0.00000000099999999989 0.00000000099999999989 0.00000000099999999989 0.00000000099999999989 0.00000000099999999989 0.20265107644809501886 0.79734891855190503929 
0.00000000099999999989 0.00000000099999999989 0.00000000099999999989 0.00000000099999999989 0.00000000099999999989 0.18097625415392948334 0.81902374084607054705 
0.00000000099999999997 0.00000000099999999997 0.99999999399999994765 0.00000000099999999997 0.00000000099999999997 0.00000000099999999997 0.00000000099999999997 
0.86615986857834004198 0.00000417145107478468 0.00003063324131223182 0.13380523332476174092 0.00000002332411802707 0.00000006908039320345 0.00000000100000000000 
0.00000000099999999997 0.00000000099999999997 0.09451116535447741385 0.30162362065977998959 0.60386520998574266805 0.00000000099999999997 0.00000000099999999997 
0.00000000099999999996 0.00000000099999999996 0.99999999399999994765 0.00000000099999999996 0.00000000099999999996 0.00000000099999999996 0.00000000099999999996 
0.76953955131539231171 0.00310472253751528692 0.01585516595013759453 0.11026943538774980347 0.08013921657634083540 0.02109190723286411343 0.00000000100000000000 
0.74697491225701007078 0.01046470127031463859 0.00001662917081195330 0.15559748384763016915 0.07139581396737339214 0.01555045848685970150 0.00000000100000000000 
0.38591078486284036142 0.07725366863849474075 0.00000000099999999998 0.00000000099999999998 0.53683554249866494157 0.00000000099999999998 0.00000000099999999998 
0.00000000099999999996 0.63892699843701039608 0.00000000099999999996 0.00000000099999999996 0.36107299656298957879 0.00000000099999999996 0.00000000099999999996 
0.00000000099999999983 0.00000000099999999983 0.00000000099999999983 0.00000000099999999983 0.99999999399999994765 0.00000000099999999983 0.00000000099999999983 
0.00000000099999999996 0.21530030234641350795 0.00000000099999999996 0.00000000099999999996 0.78469969265358663346 0.00000000099999999996 0.00000000099999999996 
0.00000000099999999997 0.17894153048559191532 0.00000000099999999997 0.00000000099999999997 0.82105846451440811506 0.00000000099999999997 0.00000000099999999997 
0.99999999400000005867 0.00000000099999999996 0.00000000099999999996 0.00000000099999999996 0.00000000099999999996 0.00000000099999999996 0.00000000099999999996 
0.00000000099999999991 0.00000000099999999991 0.00000000099999999991 0.00000000099999999991 0.00000000099999999991 0.47344095980237405064 0.52655903519762592424 
0.00000000099999999995 0.00000000099999999995 0.99999999400000005867 0.00000000099999999995 0.00000000099999999995 0.00000000099999999995 0.00000000099999999995 
0.88118183105442671188 0.00000000099999999999 0.00147822013287429851 0.11733470055277896160 0.00000524525991999640 0.00000000099999999999 0.00000000099999999999 
0.00000000099999999997 0.00000000099999999997 0.10802484027155399848 0.30676738326880653718 0.58520777245963950808 0.00000000099999999997 0.00000000099999999997 
0.00000000099999999995 0.00000000099999999995 0.99999999399999994765 0.00000000099999999995 0.00000000099999999995 0.00000000099999999995 0.00000000099999999995 
0.77782362176423003319 0.02436843260761858282 0.00387842246276918308 0.09404156353673878699 0.08088990155981172492 0.01899805706883182788 0.00000000100000000000 
0.99999999400000005867 0.00000000099999999996 0.00000000099999999996 0.00000000099999999996 0.00000000099999999996 0.00000000099999999996 0.00000000099999999996 
0.35958970270810147740 0.12984170649805754083 0.00000000099999999998 0.00000000099999999998 0.51056858679384098387 0.00000000099999999998 0.00000000099999999998 
0.00000000099999999991 0.83325375824797942581 0.00000000099999999991 0.00000000099999999991 0.16674623675202060458 0.00000000099999999991 0.00000000099999999991 
0.00000000099999999993 0.74758186893521916261 0.00000000099999999993 0.00000000099999999993 0.25241812606478097880 0.00000000099999999993 0.00000000099999999993 
0.00000047901076586055 0.18454515091683371120 0.00000000099999999998 0.00000000099999999998 0.81545436607240040505 0.00000000099999999998 0.00000000099999999998 
0.80459395284099455292 0.00000000277233373953 0.00032704505589203220 0.10250298072866066701 0.07144844373151851280 0.02112757387060064038 0.00000000100000000000 
0.00000000099999999988 0.00000000099999999988 0.00000000099999999988 0.00000000099999999988 0.00000000099999999988 0.16734680483759487024 0.83265319016240513239 
0.00000000099999999983 0.00000000099999999983 0.00000000099999999983 0.00000000099999999983 0.99999999399999994765 0.00000000099999999983 0.00000000099999999983 
0.00000000099999999995 0.00000000099999999995 0.99999999399999994765 0.00000000099999999995 0.00000000099999999995 0.00000000099999999995 0.00000000099999999995 
0.00000000099999999990 0.00000000099999999990 0.00000000099999999990 0.00000000099999999990 0.00000000099999999990 0.48962702251568446243 0.51037297248431545693 
0.00000000099999999997 0.00000000099999999997 0.12492632389286115191 0.27062623422735976320 0.60444743787977905924 0.00000000099999999997 0.00000000099999999997 
0.00000000099999999995 0.00000000099999999995 0.99999999399999994765 0.00000000099999999995 0.00000000099999999995 0.00000000099999999995 0.00000000099999999995 
0.00000000099999999985 0.00000000099999999985 0.00000000099999999985 0.00000000099999999985 0.99999999400000005867 0.00000000099999999985 0.00000000099999999985 
0.37761149662611687150 0.11260084901264369450 0.00000000099999999998 0.00000000099999999998 0.50978765036123929733 0.00000000099999999998 0.00000000099999999998 
0.00000000099999999988 0.00000000099999999988 0.00000000099999999988 0.00000000099999999988 0.00000000099999999988 0.20452772368248980928 0.79547227131751019336 
0.00000000099999999994 0.73208768398854529025 0.00000000099999999994 0.00000000099999999994 0.26791231101145474014 0.00000000099999999994 0.00000000099999999994 
0.00000000099999999997 0.18624523086675631722 0.00000000099999999997 0.00000000099999999997 0.81375476413324376868 0.00000000099999999997 0.00000000099999999997 
0.00000000099999999989 0.00000000099999999989 0.00000000099999999989 0.00000000099999999989 0.00000000099999999989 0.17667701832158796971 0.82332297667841192190 
0.00000000099999999997 0.00000000099999999997 0.10661509916824052357 0.28451202864375230162 0.60887286818800712140 0.00000000099999999997 0.00000000099999999997 
0.00000000099999999990 0.00000000099999999990 0.00000000099999999990 0.00000000099999999990 0.00000000099999999990 0.50307324196985037101 0.49692675303014977040 
0.00000000099999999998 0.00000000099999999998 0.10963430432400096681 0.30060723760149898887 0.58975845407450011582 0.00000000099999999998 0.00000000099999999998 
0.00000000099999999997 0.16154569368568177934 0.00000000099999999997 0.00000000099999999997 0.83845430131431830656 0.00000000099999999997 0.00000000099999999997 
0.00000000099999999995 0.00000000099999999995 0.99999999399999994765 0.00000000099999999995 0.00000000099999999995 0.00000000099999999995 0.00000000099999999995 
0.39336550871092473836 0.11604088096733589097 0.00000000099999999998 0.00000000099999999998 0.49059360632173942829 0.00000000099999999998 0.00000000099999999998 
0.00000000099999999996 0.73995586031339588562 0.00000000099999999996 0.00000000099999999996 0.26004413468660420028 0.00000000099999999996 0.00000000099999999996 
0.00000000099999999993 0.71270372423939720719 0.00000000099999999993 0.00000000099999999993 0.28729627076060276769 0.00000000099999999993 0.00000000099999999993 
0.99999999400000005867 0.00000000099999999997 0.00000000099999999997 0.00000000099999999997 0.00000000099999999997 0.00000000099999999997 0.00000000099999999997 
0.00000000099999999990 0.00000000099999999990 0.00000000099999999990 0.00000000099999999990 0.00000000099999999990 0.23150370482859436438 0.76849629017140563825 
0.00000000099999999997 0.00000000099999999997 0.10690384840614626516 0.30514574497407753739 0.58795040261977626894 0.00000000099999999997 0.00000000099999999997 
0.00000000099999999995 0.62399039862969107872 0.00000000099999999995 0.00000000099999999995 0.37600959637030906269 0.00000000099999999995 0.00000000099999999995 
0.00000000099999999992 0.79237256766015518039 0.00000000099999999992 0.00000000099999999992 0.20762742733984487775 0.00000000099999999992 0.00000000099999999992 
0.00376938228350697955 0.06766672287531738661 0.00000000099999999999 0.00000000369619375322 0.91460547936936653635 0.01395840977561535468 0.00000000099999999999 
0.00000000099999999997 0.00000000099999999997 0.10891974092611708680 0.29977192050731138462 0.59130833456657161395 0.00000000099999999997 0.00000000099999999997 
0.00000000099999999990 0.82803463362326346076 0.00000000099999999990 0.00000000099999999990 0.17196536137673670841 0.00000000099999999990 0.00000000099999999990 
0.38000528348957313129 0.12304069976358628091 0.00000000099999999997 0.00000000099999999997 0.49695401274684064541 0.00000000099999999997 0.00000000099999999997 
0.00000000099999999998 0.00000000099999999998 0.99544665262102316472 0.00000000099999999998 0.00455334237897684225 0.00000000099999999998 0.00000000099999999998 
0.00000000099999999981 0.00000000099999999981 0.00000000099999999981 0.00000000099999999981 0.00000000099999999981 0.00000000099999999981 0.99999999399999994765 
0.16221765502806498316 0.00000000099999999999 0.00000000099999999999 0.60896960944117584091 0.00000000099999999999 0.22547804050469658077 0.00333469202606263273 
0.00000000099999999985 0.00000000099999999985 0.00000000099999999985 0.00000000099999999985 0.00000000099999999985 0.99999999399999994765 0.00000000099999999985 
0.00000000099999999998 0.00000000099999999998 0.96732628847465251809 0.00000000099999999998 0.03267370652534740821 0.00000000099999999998 0.00000000099999999998 
0.00000000099999999994 0.99999999400000005867 0.00000000099999999994 0.00000000099999999994 0.00000000099999999994 0.00000000099999999994 0.00000000099999999994 
0.14526248673686315005 0.00000000099999999999 0.00000000099999999999 0.61834132041100220434 0.00000000099999999999 0.23222766144341866479 0.00416852840871598067 
0.00000000099999999983 0.00000000099999999983 0.00000000099999999983 0.00000000099999999983 0.00000000099999999983 0.00000000099999999983 0.99999999400000005867 
0.00000000099999999996 0.00000000099999999996 0.67613452966947018563 0.00000000099999999996 0.32386546533052973373 0.00000000099999999996 0.00000000099999999996 
0.00000000099999999997 0.00000000099999999997 0.68947743913490733281 0.00000000099999999997 0.31052255586509275309 0.00000000099999999997 0.00000000099999999997 
0.64965770065300021407 0.03637180820083960736 0.00000000100000000000 0.22978752268146873661 0.01809552590646913359 0.06058439774336624173 0.00550304381485603941 
0.17777337255755623624 0.00156364431401235615 0.00000000099999999999 0.60880429708141736711 0.00000000099999999999 0.21185868304701413467 0.00000000099999999999 
0.00000000099999999982 0.00000000099999999982 0.00000000099999999982 0.00000000099999999982 0.00000000099999999982 0.99999999399999994765 0.00000000099999999982 
0.00000000099999999997 0.00000000099999999997 0.98633467989675449594 0.00000000099999999997 0.01366531510324553618 0.00000000099999999997 0.00000000099999999997 
0.13966136040583393418 0.00000000100000000000 0.00000000100000000000 0.61280294039814742213 0.00000000100000000000 0.22911777752463122204 0.01841791867138748567 
0.00000000099999999996 0.00000000099999999996 0.99999999400000005867 0.00000000099999999996 0.00000000099999999996 0.00000000099999999996 0.00000000099999999996 
0.00000000099999999996 0.00000000099999999996 0.63981378798934096519 0.00000000099999999996 0.36018620701065906520 0.00000000099999999996 0.00000000099999999996 
0.00000000099999999997 0.00000000099999999997 0.66727720172598192772 0.00000000099999999997 0.33272279327401821369 0.00000000099999999997 0.00000000099999999997 
0.00000000099999999996 0.00000000099999999996 0.72048367187276607382 0.00000000099999999996 0.27951632312723395657 0.00000000099999999996 0.00000000099999999996 
0.17193463886173379618 0.00000000217612962927 0.00000003314507145332 0.59824895539673172973 0.00000000100000000000 0.22981636842033334456 0.00000000100000000000 
0.00000000099999999986 0.00000000099999999986 0.00000000099999999986 0.00000000099999999986 0.00000000099999999986 0.99999999399999994765 0.00000000099999999986 
0.00000000099999999998 0.00000000099999999998 0.97445387815439266088 0.00000000099999999998 0.02554611684560735216 0.00000000099999999998 0.00000000099999999998 
0.00000000099999999993 0.99999999400000016969 0.00000000099999999993 0.00000000099999999993 0.00000000099999999993 0.00000000099999999993 0.00000000099999999993 
0.16274515273738282550 0.00000000099999999999 0.00000000099999999999 0.59462187970557178751 0.00000000099999999999 0.23514488589505261329 0.00748807866199273798 
0.00000000099999999997 0.00000000099999999997 0.99999999399999994765 0.00000000099999999997 0.00000000099999999997 0.00000000099999999997 0.00000000099999999997 
0.00000000099999999997 0.00000000099999999997 0.70671332419257271162 0.00000000099999999997 0.29328667080742731876 0.00000000099999999997 0.00000000099999999997 
0.00000000099999999998 0.00000000099999999998 0.69227107956236821895 0.00000000099999999998 0.30772891543763192246 0.00000000099999999998 0.00000000099999999998 
0.00000000099999999984 0.00000000099999999984 0.00000000099999999984 0.00000000099999999984 0.00000000099999999984 0.00000000099999999984 0.99999999400000005867 
0.00000000099999999997 0.00000000099999999997 0.71303646273334042593 0.00000000099999999997 0.28696353226665960445 0.00000000099999999997 0.00000000099999999997 
0.15865171644678274787 0.00000000099999999999 0.00000000099999999999 0.60980970152058333600 0.00000000099999999999 0.23153857803263383497 0.00000000099999999999 
0.00000000099999999985 0.00000000099999999985 0.00000000099999999985 0.00000000099999999985 0.00000000099999999985 0.99999999400000005867 0.00000000099999999985 
0.00000000099999999997 0.00000000099999999997 0.98406620125454191683 0.00000000099999999997 0.01593379374545809968 0.00000000099999999997 0.00000000099999999997 
0.00000000099999999991 0.99999999400000016969 0.00000000099999999991 0.00000000099999999991 0.00000000099999999991 0.00000000099999999991 0.00000000099999999991 
0.17208220784002689618 0.00000000099999999998 0.00000000099999999998 0.61373637343888653994 0.00000000099999999998 0.21418141472108648271 0.00000000099999999998 
0.77791661081407381673 0.01482042814423515167 0.00003274269092599597 0.10149918554922879310 0.08819370963964082155 0.01753732216189535925 0.00000000099999999999 
0.00000000099999999994 0.00000000099999999994 0.72178236695728092975 0.00000000099999999994 0.27821762804271904512 0.00000000099999999994 0.00000000099999999994 
0.00000000099999999997 0.00000000099999999997 0.72125452987760041434 0.00000000099999999997 0.27874546512239967155 0.00000000099999999997 0.00000000099999999997 
0.00000000099999999984 0.00000000099999999984 0.00000000099999999984 0.00000000099999999984 0.00000000099999999984 0.00000000099999999984 0.99999999399999994765 
0.00000000099999999997 0.00000000099999999997 0.73598916296141203564 0.00000000099999999997 0.26401083203858805026 0.00000000099999999997 0.00000000099999999997 
0.19964320340414987154 0.00000000099999999999 0.00000000099999999999 0.59136003894937472225 0.00000000099999999999 0.20899675364647529729 0.00000000099999999999 
0.00000000099999999985 0.00000000099999999985 0.00000000099999999985 0.00000000099999999985 0.00000000099999999985 0.99999999399999994765 0.00000000099999999985 
0.00000000099999999997 0.00000000099999999997 0.97751792092778211352 0.00000000099999999997 0.02248207407221793769 0.00000000099999999997 0.00000000099999999997 
0.00000000099999999992 0.99999999400000016969 0.00000000099999999992 0.00000000099999999992 0.00000000099999999992 0.00000000099999999992 0.00000000099999999992 
0.15579407119010307836 0.00000000099999999999 0.00000000099999999999 0.59866025283434876059 0.00000000099999999999 0.24518629779602416074 0.00035937517952415411 
0.00000000099999999994 0.00000000099999999994 0.72052754332803503612 0.00000000099999999994 0.27947245167196488325 0.00000000099999999994 0.00000000099999999994 
0.63749438930316049134 0.01074320644624461238 0.01377903840105171134 0.25097777026654571886 0.00133258296418470269 0.07728753289593850995 0.00838547972287434495 
0.00000000099999999997 0.00000000099999999997 0.72641634597333648582 0.00000000099999999997 0.27358364902666343355 0.00000000099999999997 0.00000000099999999997 
0.00000000099999999996 0.00000000099999999996 0.73899241506515722655 0.00000000099999999996 0.26100757993484274833 0.00000000099999999996 0.00000000099999999996 
0.15995873066620727720 0.00010351083452638620 0.01218571090095715674 0.74215217696879709486 0.02043938294276598233 0.06516048668674599698 0.00000000100000000000 
0.19882590436652985977 0.00000000211723271052 0.00000000100000000000 0.55330721473607169525 0.00000000100000000000 0.24212458673375994445 0.00574229004640565074 
0.00000000099999999987 0.00000000099999999987 0.00000000099999999987 0.00000000099999999987 0.00000000099999999987 0.94713445314305888534 0.05286554185694121444 
0.00000000099999999997 0.00000000099999999997 0.99363844892889574556 0.00000000099999999997 0.00636154607110428223 0.00000000099999999997 0.00000000099999999997 
0.15393377239843661353 0.00000000203434734461 0.00000000099999999999 0.59285028617744228718 0.00000000099999999999 0.24437142912299089637 0.00884450826678282766 
0.00000000099999999980 0.00000000099999999980 0.00000000099999999980 0.00000000099999999980 0.00000000099999999980 0.00000000099999999980 0.99999999400000005867 
0.00000000099999999998 0.00000000099999999998 0.72712118374193290826 0.00000000099999999998 0.27287881125806717764 0.00000000099999999998 0.00000000099999999998 
0.65340374825699165662 0.01207686919442927873 0.00000000100000000000 0.23931855128801926558 0.00674580353304503246 0.08845502572751479109 0.00000000100000000000 
0.17103995301126667661 0.00002701070083206998 0.03037090980531568368 0.74719215736506494618 0.00000000100000000000 0.05136996711752057215 0.00000000100000000000 
0.67289419468659628087 0.01808751992154339350 0.00000000100000000000 0.23715847453474656059 0.00000000100000000000 0.07185980785711373886 0.00000000100000000000 
0.16607931083968202612 0.00853232674877830305 0.00665499173941627633 0.75701600389618717291 0.00000000099999999999 0.06171736477593633974 0.00000000099999999999 
0.17186582224970481381 0.00000002693828909150 0.00000027303785598176 0.59083885288111870349 0.00000000100000000000 0.23201820348904317326 0.00527682040398813699 
0.00000000099999999984 0.00000000099999999984 0.00000000099999999984 0.00000000099999999984 0.00000000099999999984 0.99999999399999994765 0.00000000099999999984 
0.00000000099999999997 0.00000000099999999997 0.98297922837764595272 0.00000000099999999997 0.01702076662235404991 0.00000000099999999997 0.00000000099999999997 
0.15743955148679980582 0.00000000099999999999 0.00000000099999999999 0.60828313122041466343 0.00000000099999999999 0.23427731329278553285 0.00000000099999999999 
0.00000000099999999981 0.00000000099999999981 0.00000000099999999981 0.00000000099999999981 0.00000000099999999981 0.00000000099999999981 0.99999999400000005867 
0.00000000099999999992 0.99999999400000005867 0.00000000099999999992 0.00000000099999999992 0.00000000099999999992 0.00000000099999999992 0.00000000099999999992 
0.64670040074484935744 0.00116737867047494526 0.00000000100000000000 0.25969773883042324147 0.00846825151584652477 0.07296587273822320585 0.01100035650018264290 
0.68318609061413138051 0.01496801406166018561 0.00000007245235876867 0.22670420822138911965 0.00016290000527250430 0.07497871364518803039 0.00000000100000000000 
0.14488839254486213237 0.00733907197502789606 0.02837718911209401521 0.73782856398432394851 0.00139509986129358692 0.08017168152239831369 0.00000000100000000000 
0.17518373999827416276 0.00000000099999999999 0.00000000099999999999 0.59682529720583876731 0.00000000099999999999 0.22792811819437169829 0.00006284160151538891 
0.00000000099999999985 0.00000000099999999985 0.00000000099999999985 0.00000000099999999985 0.00000000099999999985 0.99999999399999994765 0.00000000099999999985 
0.00000000099999999992 0.99999999400000016969 0.00000000099999999992 0.00000000099999999992 0.00000000099999999992 0.00000000099999999992 0.00000000099999999992 
0.17411277859100504628 0.00000000099999999999 0.00000000099999999999 0.58577246274681948890 0.00000000099999999999 0.24011475466217530039 0.00000000099999999999 
0.00000000099999999982 0.00000000099999999982 0.00000000099999999982 0.00000000099999999982 0.00000000099999999982 0.00000000099999999982 0.99999999400000005867 
0.00000000099999999991 0.99999999400000016969 0.00000000099999999991 0.00000000099999999991 0.00000000099999999991 0.00000000099999999991 0.00000000099999999991 
0.63749894390169214997 0.01207040036304192140 0.00524064114398605126 0.22163019494682018040 0.02463103617350865041 0.09892878247095099331 0.00000000100000000000 
0.18355010466724086537 0.00957640126544043874 0.02226765248213172926 0.68603123436493707032 0.00860052503265439430 0.08997408118759535334 0.00000000100000000000 
0.16439973176568867252 0.00000000100000000000 0.00882823397554963543 0.78463098286638199852 0.00000000100000000000 0.04214104839237969163 0.00000000100000000000 
0.15605784815239184815 0.00230620742959348904 0.02472851111026597853 0.73113000650081194642 0.00177785011664897030 0.08399957569028779214 0.00000000100000000000 
0.19680485493727822854 0.00168184198650799801 0.03292424985697803980 0.70460833564921532268 0.00001742020211291187 0.06396329636790756834 0.00000000100000000000 
0.99999999400000005867 0.00000000099999999996 0.00000000099999999996 0.00000000099999999996 0.00000000099999999996 0.00000000099999999996 0.00000000099999999996 
0.00000000099999999986 0.00000000099999999986 0.00000000099999999986 0.00000000099999999986 0.99999999400000005867 0.00000000099999999986 0.00000000099999999986 
0.00000000099999999993 0.75790131723093423499 0.00000000099999999993 0.00000000099999999993 0.24209867776906596193 0.00000000099999999993 0.00000000099999999993 
0.00000000099999999993 0.83423027564190554983 0.00000000099999999993 0.00000000099999999993 0.16576971935809464709 0.00000000099999999993 0.00000000099999999993 
0.00000000099999999991 0.99999999400000016969 0.00000000099999999991 0.00000000099999999991 0.00000000099999999991 0.00000000099999999991 0.00000000099999999991 
0.00000000099999999984 0.00000000099999999984 0.00000000099999999984 0.00000000099999999984 0.99999999400000005867 0.00000000099999999984 0.00000000099999999984 
0.00000000099999999996 0.62754413541875220250 0.00000000099999999996 0.00000000099999999996 0.37245585958124793891 0.00000000099999999996 0.00000000099999999996 
0.78145855023018062635 0.00748085356417426978 0.00797884530399157327 0.10778321815216196367 0.09529853074949147518 0.00000000099999999999 0.00000000099999999999 
0.78670398602221058848 0.00775817241824191747 0.01662374104099720654 0.12367267603242991514 0.06523301211277854339 0.00000841137334179407 0.00000000099999999999 
0.81622899054591857571 0.00000000099999999999 0.00000000099999999999 0.15323307689206630555 0.03051924794883319192 0.00001868161318180960 0.00000000099999999999 
0.00000000099999999995 0.00000000099999999995 0.99999999400000005867 0.00000000099999999995 0.00000000099999999995 0.00000000099999999995 0.00000000099999999995 
0.00000000099999999998 0.00751755666999258040 0.97204321098914425736 0.00000000099999999998 0.01692064711334837976 0.00351858222751466609 0.00000000099999999998 
0.00000000099999999991 0.00000000099999999991 0.00000000099999999991 0.99999999400000005867 0.00000000099999999991 0.00000000099999999991 0.00000000099999999991 
0.82177397449727029866 0.00000003829482514262 0.01444042334582260230 0.08651578621369133970 0.07726977564839070112 0.00000000099999999999 0.00000000099999999999 
0.29061221987104374209 0.28584305875739446368 0.00000000187028119199 0.00000000099999999999 0.42354471650128061588 0.00000000099999999999 0.00000000099999999999 
0.00000000099999999996 0.00000000099999999996 0.00000000099999999996 0.00000000099999999996 0.99999999399999994765 0.00000000099999999996 0.00000000099999999996 
0.00000000099999999995 0.00000000099999999995 0.00000000099999999995 0.00000000099999999995 0.99999999399999994765 0.00000000099999999995 0.00000000099999999995 
0.00000000099999999993 0.83129259466741467488 0.00000000099999999993 0.00000000099999999993 0.16870740033258530000 0.00000000099999999993 0.00000000099999999993 
0.33859009418187879792 0.01716866390789735519 0.01958904707137084159 0.48210606871130995410 0.02424296236331392740 0.11567276907566573230 0.00263039468856333079 
0.00000000099999999990 0.00000000099999999990 0.00000000099999999990 0.99999999400000005867 0.00000000099999999990 0.00000000099999999990 0.00000000099999999990 
0.75788926634116648984 0.00000000099999999999 0.00999492069303207012 0.11910493585404040295 0.11301087411176111153 0.00000000099999999999 0.00000000099999999999 
0.83317029601160086383 0.00786299650956987818 0.00074894732503808100 0.12471421159834072956 0.03350333834133465555 0.00000020921411564731 0.00000000100000000000 
0.11351805442771577270 0.04771009220373197829 0.05175102755375953628 0.00000000099999999999 0.78702082281479279757 0.00000000099999999999 0.00000000099999999999 
0.03541564764132126147 0.13282123589427685673 0.00000000099999999998 0.00000000099999999998 0.83176311246440193248 0.00000000099999999998 0.00000000099999999998 
0.00000000099999999995 0.00000000099999999995 0.00000000099999999995 0.00000000099999999995 0.99999999399999994765 0.00000000099999999995 0.00000000099999999995 
0.00000000099999999995 0.00000000099999999995 0.00000000099999999995 0.99999999400000005867 0.00000000099999999995 0.00000000099999999995 0.00000000099999999995 
0.00000000099999999991 0.83165922657416635477 0.00000000099999999991 0.00000000099999999991 0.16834076842583370337 0.00000000099999999991 0.00000000099999999991 
0.33922135251208856976 0.02267701742345205884 0.02611331219407872842 0.48202412592658133716 0.01990450644312292267 0.11005968450067633857 0.00000000100000000000 
0.76070202386541330153 0.00000000099999999999 0.00707738719052468119 0.11010734539733418869 0.12211324054672786921 0.00000000099999999999 0.00000000099999999999 
0.81776945242441378969 0.00000000328141386971 0.00100273729503193776 0.14931266268715698287 0.01421409128430639948 0.01770105202767699448 0.00000000100000000000 
0.13757633313848793843 0.05666277153174274078 0.03554503203150235352 0.00000000099999999998 0.77021586029826705211 0.00000000099999999998 0.00000000099999999998 
0.01301010798088339006 0.15348080839158281807 0.00000000099999999998 0.00000000099999999998 0.83350907962753384428 0.00000000099999999998 0.00000000099999999998 
0.00000000099999999992 0.00000000099999999992 0.00000000099999999992 0.99999999399999994765 0.00000000099999999992 0.00000000099999999992 0.00000000099999999992 
0.00000000099999999994 0.81823851374066336462 0.00000000099999999994 0.00000000099999999994 0.18176148125933680455 0.00000000099999999994 0.00000000099999999994 
0.33845264520516049611 0.01445098169202524777 0.03210988801507480561 0.51074666346076480483 0.01515050533793725965 0.08908931528903746289 0.00000000100000000000 
0.78854114745689263266 0.00000000099999999999 0.00000000099999999999 0.11540038586826643907 0.09605846267484095813 0.00000000099999999999 0.00000000099999999999 
0.86721971638498818180 0.00000000546179799030 0.01193929389441737363 0.10750363898990294986 0.01333721959152379954 0.00000012467736965286 0.00000000100000000000 
0.10282829183577774090 0.06125880376328433213 0.01206419822189112347 0.00000000099999999998 0.82384870317904679293 0.00000000099999999998 0.00000000099999999998 
0.03269153951361855603 0.13715789729050006929 0.00000592931352308297 0.00000000099999999999 0.83014463088235834753 0.00000000099999999999 0.00000000099999999999 
0.00000000099999999996 0.02127821179809998714 0.00000000099999999996 0.00000000099999999996 0.97872178320190006406 0.00000000099999999996 0.00000000099999999996 
0.29473313753398772130 0.27516467337834038531 0.00000000099999999998 0.00000000099999999998 0.43010218508767200651 0.00000000099999999998 0.00000000099999999998 
0.00000000099999999991 0.82698309324687135913 0.00000000099999999991 0.00000000099999999991 0.17301690175312878228 0.00000000099999999991 0.00000000099999999991 
0.35772685386947900010 0.01150119329292103275 0.02761944569831600513 0.48485913867852142856 0.01589907716095154827 0.10239429029981085562 0.00000000100000000000 
0.78245761529043844629 0.00000000099999999998 0.00019861707252902949 0.09445860721320534226 0.12288515742382723206 0.00000000099999999998 0.00000000099999999998 
0.78767208205438554725 0.00067356905863466977 0.00131195149886777760 0.13589226238077770081 0.04179588609783328745 0.03265424790950094414 0.00000000100000000000 
0.13680947710201643575 0.06499241572687947111 0.04555164313500183887 0.00000000099999999998 0.75264646103610233219 0.00000000099999999998 0.00000000099999999998 
0.02179899281912080558 0.15705462474636963655 0.00000269401768980796 0.00000000099999999999 0.82114368541681970193 0.00000000099999999999 0.00000000099999999999 
0.00000000099999999995 0.00000000099999999995 0.00000000099999999995 0.00000000099999999995 0.99999999400000005867 0.00000000099999999995 0.00000000099999999995 
0.28232526401358937207 0.27770247965246847022 0.00000000099999999998 0.00000000099999999998 0.43997225233394232635 0.00000000099999999998 0.00000000099999999998 
0.00000000099999999996 0.59441755944353080743 0.00000000099999999996 0.00000000099999999996 0.40558243555646938949 0.00000000099999999996 0.00000000099999999996 
0.30922920677651744015 0.02187440362558825888 0.02791887620018465230 0.53608883450262412307 0.00699222054336553784 0.09789645735172002039 0.00000000100000000000 
0.75558406164302227559 0.00000000099999999999 0.00000939427705064291 0.12500368444220591457 0.11940285663772126634 0.00000000099999999999 0.00000000099999999999 
0.81426674736480375572 0.00001390087128832340 0.00000000099999999999 0.14735039809398900457 0.03342549017510255960 0.00494346149481645659 0.00000000099999999999 
0.15172878878577961137 0.04354869242231247661 0.04046274494015144468 0.00000000099999999998 0.76425977085175655912 0.00000000099999999998 0.00000000099999999998 
0.03598530266702232999 0.13167898549093745575 0.00000000099999999998 0.00000000099999999998 0.83233570784204036208 0.00000000099999999998 0.00000000099999999998 
0.00000000099999999997 0.00224178071094192346 0.00000000099999999997 0.00000000099999999997 0.99775821428905819843 0.00000000099999999997 0.00000000099999999997 
0.00000000099999999991 0.83798267853089880575 0.00000000099999999991 0.00000000099999999991 0.16201731646910133566 0.00000000099999999991 0.00000000099999999991 
0.36138665252972335118 0.01421181040527367927 0.02245566937319994419 0.49962140671944588188 0.01346779393468226955 0.08706157315556926901 0.00179509388210551319 
0.71880385232936261364 0.00000000185244441960 0.00361013171158338980 0.14212113850041047103 0.13546487360619913209 0.00000000099999999999 0.00000000099999999999 
0.00000000099999999992 0.00000000099999999992 0.00000000099999999992 0.99999999400000005867 0.00000000099999999992 0.00000000099999999992 0.00000000099999999992 
0.83144277283577094906 0.00000000099999999999 0.00000000099999999999 0.14041464673489933990 0.00964971725732767863 0.01849286017200207563 0.00000000099999999999 
0.07966315178215087334 0.07134220236984119279 0.01772984154149792255 0.00000000099999999998 0.83126480130650992617 0.00000000099999999998 0.00000000099999999998 
0.03585647627402280962 0.13596705317714358197 0.00000000099999999998 0.00000000099999999998 0.82817646654883370072 0.00000000099999999998 0.00000000099999999998 
0.30257271595415180521 0.28212007884144596481 0.00000001265259206629 0.00000000099999999999 0.41530718955181017416 0.00000000099999999999 0.00000000099999999999 
0.00000000099999999992 0.83070026396208951347 0.00000000099999999992 0.00000000099999999992 0.16929973103791073896 0.00000000099999999992 0.00000000099999999992 
0.79686639237808976066 0.00000002983499203879 0.00000000885570732339 0.13546049221508393856 0.06767307226564137079 0.00000000345048545860 0.00000000099999999999 
0.38747153930574690373 0.00714919938071599016 0.01922391321317026142 0.47719014709746809810 0.02208194469638023044 0.07989369646161126326 0.00698955984490738560 
0.73944892132873196733 0.00000000099999999999 0.00000005891875844317 0.13520320065607385751 0.12534781609643572131 0.00000000099999999999 0.00000000099999999999 
0.79443658061991517805 0.00012259569017719364 0.01957566507695940664 0.10702712517034021489 0.07883803144260798090 0.00000000099999999999 0.00000000099999999999 
0.09750078075694287860 0.05708078908108444455 0.03383846021214735600 0.00000000099999999999 0.81157996694982525998 0.00000000099999999999 0.00000000099999999999 
0.03850072909648639963 0.13070034758842780098 0.00000000099999999998 0.00000000099999999998 0.83079891931508575986 0.00000000099999999998 0.00000000099999999998 
0.00000000099999999996 0.00000000099999999996 0.99999999400000005867 0.00000000099999999996 0.00000000099999999996 0.00000000099999999996 0.00000000099999999996 
0.27205040920817175065 0.30552755448953750061 0.00000000099999999998 0.00000000099999999998 0.42242203230229080635 0.00000000099999999998 0.00000000099999999998 
0.00000000099999999996 0.00000000099999999996 0.00000000099999999996 0.00000000099999999996 0.99999999400000005867 0.00000000099999999996 0.00000000099999999996 
0.00000000099999999992 0.83343211315629472935 0.00000000099999999992 0.00000000099999999992 0.16656788184370543981 0.00000000099999999992 0.00000000099999999992 
