0.08786012895775929810 0.71511910783145316017 0.08913796694929312925 0.00000000100000000000 0.00000000709367234219 0.10553159371054664228 0.00000000100000000000 0.00235119345727529154 
0.00000000099999999979 0.00000000099999999979 0.00000000099999999979 0.99999999299999997593 0.00000000099999999979 0.00000000099999999979 0.00000000099999999979 0.00000000099999999979 
0.04886214981420790998 0.12681575471587777648 0.42197642029549764509 0.00000000099999999999 0.00000000099999999999 0.40234567117441671913 0.00000000099999999999 0.00000000099999999999 
0.00000000099999999980 0.00000000099999999980 0.00000000099999999980 0.99999999300000008695 0.00000000099999999980 0.00000000099999999980 0.00000000099999999980 0.00000000099999999980 
0.00000000099999999991 0.00000000099999999991 0.00000000099999999991 0.00000000099999999991 0.00000000099999999991 0.99999999299999997593 0.00000000099999999991 0.00000000099999999991 
0.00000000099999999973 0.00000000099999999973 0.00000000099999999973 0.99999999300000008695 0.00000000099999999973 0.00000000099999999973 0.00000000099999999973 0.00000000099999999973 
0.00000000099999999983 0.00000000099999999983 0.00000000099999999983 0.99999999300000008695 0.00000000099999999983 0.00000000099999999983 0.00000000099999999983 0.00000000099999999983 
0.00000000099999999987 0.00000000099999999987 0.00000000099999999987 0.55896728762556813219 0.00000000099999999987 0.00000000099999999987 0.44103270637443192648 0.00000000099999999987 
0.00000000099999999974 0.00000000099999999974 0.00000000099999999974 0.99999999300000008695 0.00000000099999999974 0.00000000099999999974 0.00000000099999999974 0.00000000099999999974 
0.00000000099999999987 0.00000000099999999987 0.00000000099999999987 0.54403251609167524450 0.00000000099999999987 0.00000000099999999987 0.45596747790832464764 0.00000000099999999987 
0.00000000099999999977 0.00000000099999999977 0.00000000099999999977 0.99999999300000008695 0.00000000099999999977 0.00000000099999999977 0.00000000099999999977 0.00000000099999999977 
0.05696078395552309909 0.68856514320083339609 0.10542207484703268461 0.00059883007578061525 0.00000000100000000000 0.13266288292283384687 0.00000000100000000000 0.01579028299799646248 
0.00000000099999999978 0.00000000099999999978 0.00000000099999999978 0.99999999299999997593 0.00000000099999999978 0.00000000099999999978 0.00000000099999999978 0.00000000099999999978 
0.00000000099999999984 0.00000000099999999984 0.00000000099999999984 0.88440129532893008157 0.00000000099999999984 0.00000000099999999984 0.11559869867106997710 0.00000000099999999984 
0.00000000099999999976 0.00000000099999999976 0.00000000099999999976 0.99999999300000008695 0.00000000099999999976 0.00000000099999999976 0.00000000099999999976 0.00000000099999999976 
0.00000000099999999995 0.00000000099999999995 0.58971281505952410917 0.00000000099999999995 0.00000000099999999995 0.41028717894047606052 0.00000000099999999995 0.00000000099999999995 
0.08979663624610968731 0.69963233471933572449 0.10434592020109682842 0.00000000099999999999 0.00000104360151395606 0.10499605927838814856 0.00000000099999999999 0.00122800395355568740 
0.00000000099999999977 0.00000000099999999977 0.00000000099999999977 0.99999999300000008695 0.00000000099999999977 0.00000000099999999977 0.00000000099999999977 0.00000000099999999977 
0.00000000099999999988 0.00000000099999999988 0.00000000099999999988 0.56326583202327429323 0.00000000099999999988 0.00000000099999999988 0.43673416197672565442 0.00000000099999999988 
0.00000000099999999995 0.00000000099999999995 0.61852896276615443316 0.00000000099999999995 0.00000000099999999995 0.38147103123384573653 0.00000000099999999995 0.00000000099999999995 
0.07435500599541465527 0.70636778129319188757 0.11940728978536162275 0.00000005799242377491 0.00028869884194028127 0.09041703770227570158 0.00000000100000000000 0.00916412738939235451 
0.09436196849172275025 0.15910206619139433126 0.41138421689741411225 0.00000000099999999998 0.00000000099999999998 0.33515174441946893324 0.00000000099999999998 0.00000000099999999998 
0.01087856629140428882 0.00000008929735960758 0.13406301412423934916 0.00000000099999999999 0.00000000099999999999 0.82371554783193401406 0.01960162922095547849 0.01174115123410717290 
0.00000000099999999986 0.00000000099999999986 0.00000000099999999986 0.53617182440269639532 0.00000000099999999986 0.00000000099999999986 0.46382816959730349682 0.00000000099999999986 
0.07796583619477653881 0.69685474900436994439 0.08876811963094011215 0.00000000099999999999 0.00000000099999999999 0.13027450499253401262 0.00000000099999999999 0.00613678717737949856 
0.00000000099999999987 0.00000000099999999987 0.00000000099999999987 0.70861433688261177277 0.00000000099999999987 0.00000000099999999987 0.29138565711738828590 0.00000000099999999987 
0.03190270259016484561 0.00000000099999999995 0.32876217014905245728 0.00000000099999999995 0.63933512226078259566 0.00000000099999999995 0.00000000099999999995 0.00000000099999999995 
0.06767232672758154155 0.68771518119012131631 0.10319496625531945910 0.00000000099999999999 0.00000000099999999999 0.12691645822591549053 0.00000000099999999999 0.01450106460106217847 
0.09253129848934685264 0.68430227641095653368 0.11737091423722136041 0.00000000099999999999 0.00000092258116203210 0.09939972941040423060 0.00000000099999999999 0.00639485687090904018 
0.99999999300000008695 0.00000000099999999980 0.00000000099999999980 0.00000000099999999980 0.00000000099999999980 0.00000000099999999980 0.00000000099999999980 0.00000000099999999980 
0.00000000099999999995 0.00000000099999999995 0.56601031562360637484 0.00000000099999999995 0.00000000099999999995 0.43398967837639373935 0.00000000099999999995 0.00000000099999999995 
0.00000000099999999991 0.00000000099999999991 0.00000000099999999991 0.00000000099999999991 0.00000000099999999991 0.99999999299999997593 0.00000000099999999991 0.00000000099999999991 
0.09561317331181648504 0.68755372113687240887 0.11297727088803667661 0.00000000100000000000 0.00039642305335078513 0.09933764003627701400 0.00000054458327399525 0.00412122599037256180 
0.07714045304812928994 0.17766277872655719672 0.38402649762776541742 0.00000000099999999999 0.00000002816241235835 0.36116256988295331043 0.00000000099999999999 0.00000767055218254084 
0.00000000099999999994 0.00000000099999999994 0.00000000099999999994 0.00000000099999999994 0.00000000099999999994 0.99999999300000008695 0.00000000099999999994 0.00000000099999999994 
0.00000000099999999986 0.00000000099999999986 0.99999999299999997593 0.00000000099999999986 0.00000000099999999986 0.00000000099999999986 0.00000000099999999986 0.00000000099999999986 
0.05913988535853422629 0.70976847956924260519 0.09987019937635766009 0.00000000100000000000 0.00000000100000000000 0.12495606287656051137 0.00000000100000000000 0.00626536981930500645 
0.00000000099999999987 0.00000000099999999987 0.00000000099999999987 0.82156260947002290873 0.00000000099999999987 0.00000000099999999987 0.17843738452997695565 0.00000000099999999987 
0.00000000099999999986 0.00000000099999999986 0.00000000099999999986 0.84028033004852065169 0.00000000099999999986 0.00000000099999999986 0.15971966395147943474 0.00000000099999999986 
0.00000000099999999997 0.00000000099999999997 0.00252908343482136392 0.00000000099999999997 0.99747091056517878105 0.00000000099999999997 0.00000000099999999997 0.00000000099999999997 
0.08835199094410482734 0.71882908257031263854 0.08021039003169949666 0.00000000100000000000 0.00405994681722822263 0.09969568036485644547 0.00000000100000000000 0.00885290727179855429 
0.99999999300000008695 0.00000000099999999982 0.00000000099999999982 0.00000000099999999982 0.00000000099999999982 0.00000000099999999982 0.00000000099999999982 0.00000000099999999982 
0.00000000099999999995 0.00000000099999999995 0.00000000099999999995 0.00000000099999999995 0.99999999300000008695 0.00000000099999999995 0.00000000099999999995 0.00000000099999999995 
0.09403505759581889945 0.62669302384413538842 0.13795875734211893171 0.00000345188011223053 0.01685169537866405484 0.10857379579434700556 0.00913077229861525112 0.00675344586618830192 
0.09122115035225358826 0.66347837596862491161 0.12480655564010166569 0.00000000100000000000 0.00003177492623247473 0.10155753807997215665 0.00001689832585665814 0.01888770570695863169 
0.08236717380492972196 0.19157558732778168231 0.45217391299531167759 0.00000000099999999999 0.00000007830436314961 0.27388324456761403702 0.00000000099999999999 0.00000000099999999999 
0.00000000099999999996 0.00000000099999999996 0.11154489546392372390 0.00000000099999999996 0.00000000099999999996 0.88845509853607640416 0.00000000099999999996 0.00000000099999999996 
0.00000000099999999979 0.00000000099999999979 0.99999999300000008695 0.00000000099999999979 0.00000000099999999979 0.00000000099999999979 0.00000000099999999979 0.00000000099999999979 
0.00000000099999999994 0.00000000099999999994 0.56803975165344222642 0.00000000099999999994 0.00000000099999999994 0.43196024234655772123 0.00000000099999999994 0.00000000099999999994 
0.00000000099999999994 0.00000000099999999994 0.59031802852806247728 0.00000000099999999994 0.00000000099999999994 0.40968196547193763690 0.00000000099999999994 0.00000000099999999994 
0.06916368644522485898 0.69347254605083774592 0.10139606116252994350 0.00000000099999999999 0.00000000099999999999 0.13205752329868009065 0.00000000099999999999 0.00391018004272733217 
0.00000000099999999989 0.00000000099999999989 0.00000000099999999989 0.56300072118684618694 0.00000000099999999989 0.00000000099999999989 0.43699927281315392724 0.00000000099999999989 
0.00000000099999999995 0.00000000099999999995 0.00000000099999999995 0.00000000099999999995 0.99999999299999997593 0.00000000099999999995 0.00000000099999999995 0.00000000099999999995 
0.08458169354808396656 0.72319568999298822209 0.09570773356632319984 0.00000000099999999999 0.00774819632736177630 0.08090522449049264431 0.00000000099999999999 0.00786146007475036282 
0.99999999300000019797 0.00000000099999999980 0.00000000099999999980 0.00000000099999999980 0.00000000099999999980 0.00000000099999999980 0.00000000099999999980 0.00000000099999999980 
0.00000000099999999995 0.00000000099999999995 0.00000000099999999995 0.00000000099999999995 0.99999999300000008695 0.00000000099999999995 0.00000000099999999995 0.00000000099999999995 
0.08583114255378523905 0.62141627529356113779 0.12986580595602151278 0.00000000100000000000 0.00559852123441082882 0.14594713601652209434 0.00134415338762800050 0.00999696455807127203 
0.07007955799205631275 0.69297702954977302703 0.08426898965187486212 0.00000000099999999999 0.00000000099999999999 0.13602463611298123980 0.00000000099999999999 0.01664978369331455293 
0.06890511913129532262 0.18110868592687240364 0.41059239192268576213 0.00000000099999999999 0.00053370704498564435 0.33886009297416092023 0.00000000099999999999 0.00000000099999999999 
0.00000000099999999989 0.00000000099999999989 0.00000000099999999989 0.00000000099999999989 0.00000000099999999989 0.99999999300000008695 0.00000000099999999989 0.00000000099999999989 
0.00000000099999999992 0.00000000099999999992 0.00000000099999999992 0.00000000099999999992 0.00000000099999999992 0.99999999300000008695 0.00000000099999999992 0.00000000099999999992 
0.00000000099999999995 0.00000000099999999995 0.60244969090145894519 0.00000000099999999995 0.00000000099999999995 0.39755030309854100246 0.00000000099999999995 0.00000000099999999995 
0.10012600264937907002 0.65033550031571418781 0.13587151647092618467 0.00000000100000000000 0.00004167146355736773 0.09482008876133171671 0.00936052847484820059 0.00944469086424324852 
0.00000000099999999986 0.00000000099999999986 0.00000000099999999986 0.85255652007846693952 0.00000000099999999986 0.00000000099999999986 0.14744347392153309140 0.00000000099999999986 
0.00000000099999999979 0.00000000099999999979 0.99999999299999997593 0.00000000099999999979 0.00000000099999999979 0.00000000099999999979 0.00000000099999999979 0.00000000099999999979 
0.00000000099999999994 0.00000000099999999994 0.00000000099999999994 0.00000000099999999994 0.99999999299999997593 0.00000000099999999994 0.00000000099999999994 0.00000000099999999994 
0.00000000099999999988 0.00000000099999999988 0.00000000099999999988 0.54942114414379172871 0.00000000099999999988 0.00000000099999999988 0.45057884985620838547 0.00000000099999999988 
0.99999999300000008695 0.00000000099999999981 0.00000000099999999981 0.00000000099999999981 0.00000000099999999981 0.00000000099999999981 0.00000000099999999981 0.00000000099999999981 
0.00000000099999999995 0.00000000099999999995 0.00000000099999999995 0.00000000099999999995 0.99999999299999997593 0.00000000099999999995 0.00000000099999999995 0.00000000099999999995 
0.00000000099999999981 0.00000000099999999981 0.99999999300000008695 0.00000000099999999981 0.00000000099999999981 0.00000000099999999981 0.00000000099999999981 0.00000000099999999981 
0.07731855050820303499 0.18224956822265517276 0.41473604914462763871 0.00000000099999999999 0.00000000099999999999 0.32569582812451430831 0.00000000099999999999 0.00000000099999999999 
0.00000000099999999985 0.00000000099999999985 0.00000000099999999985 0.81978049667925034782 0.00000000099999999985 0.00000000099999999985 0.18021949732074962758 0.00000000099999999985 
0.00000000099999999992 0.00000000099999999992 0.00000000099999999992 0.00000000099999999992 0.00000000099999999992 0.99999999300000008695 0.00000000099999999992 0.00000000099999999992 
0.00000000099999999995 0.00000000099999999995 0.59225038805773344563 0.00000000099999999995 0.00000000099999999995 0.40774960594226655752 0.00000000099999999995 0.00000000099999999995 
0.00000000099999999986 0.00000000099999999986 0.00000000099999999986 0.84694956767495233052 0.00000000099999999986 0.00000000099999999986 0.15305042632504770039 0.00000000099999999986 
0.99999999300000008695 0.00000000099999999983 0.00000000099999999983 0.00000000099999999983 0.00000000099999999983 0.00000000099999999983 0.00000000099999999983 0.00000000099999999983 
0.00000000099999999988 0.00000000099999999988 0.00000000099999999988 0.53588226020108753467 0.00000000099999999988 0.00000000099999999988 0.46411773379891241298 0.00000000099999999988 
0.99999999300000019797 0.00000000099999999983 0.00000000099999999983 0.00000000099999999983 0.00000000099999999983 0.00000000099999999983 0.00000000099999999983 0.00000000099999999983 
0.00000000099999999993 0.00000000099999999993 0.60714764849243607614 0.00000000099999999993 0.00000000099999999993 0.39285234550756409355 0.00000000099999999993 0.00000000099999999993 
0.00000000099999999995 0.00000000099999999995 0.00000000099999999995 0.00000000099999999995 0.99999999300000008695 0.00000000099999999995 0.00000000099999999995 0.00000000099999999995 
0.08906808187188752779 0.19756164110336460471 0.39797032067655846443 0.00000000099999999999 0.00025942517034508361 0.30828920412281207719 0.00000000099999999999 0.00685132505503219680 
0.00000000099999999995 0.00000000099999999995 0.00000000099999999995 0.00000000099999999995 0.00000000099999999995 0.99999999300000008695 0.00000000099999999995 0.00000000099999999995 
0.00000000099999999993 0.00000000099999999993 0.02298046279548422374 0.00000000099999999993 0.00000000099999999993 0.97701953120451567880 0.00000000099999999993 0.00000000099999999993 
0.06569562946640604417 0.67279958010868290419 0.11632245342568220403 0.00000000099999999999 0.00000000099999999999 0.12730090937444127341 0.00000000099999999999 0.01788142462478784292 
0.00000000099999999987 0.00000000099999999987 0.00000000099999999987 0.79529298574835216584 0.00000000099999999987 0.00000000099999999987 0.20470700825164772629 0.00000000099999999987 
0.99999999300000019797 0.00000000099999999981 0.00000000099999999981 0.00000000099999999981 0.00000000099999999981 0.00000000099999999981 0.00000000099999999981 0.00000000099999999981 
0.00000000099999999994 0.00000000099999999994 0.13100769941206427682 0.00000000099999999994 0.00000000099999999994 0.86899229458793558756 0.00000000099999999994 0.00000000099999999994 
0.00000000099999999991 0.00000000099999999991 0.00000000099999999991 0.00000000099999999991 0.00000000099999999991 0.99999999300000008695 0.00000000099999999991 0.00000000099999999991 
0.00000000099999999999 0.00003403781070585333 0.89462020856186685869 0.00000000099999999999 0.00000000099999999999 0.07910911765384540106 0.01126633183222005251 0.01497030114136193614 
0.99999999300000019797 0.00000000099999999982 0.00000000099999999982 0.00000000099999999982 0.00000000099999999982 0.00000000099999999982 0.00000000099999999982 0.00000000099999999982 
0.00000000099999999988 0.00000000099999999988 0.00000000099999999988 0.00000000099999999988 0.00000000099999999988 0.99999999300000008695 0.00000000099999999988 0.00000000099999999988 
0.08567001436296425854 0.18232554371884532318 0.39986979211139939139 0.00000000099999999999 0.00131728922562263703 0.32675937561186657598 0.00000000099999999999 0.00405798296930190861 
0.00121628369557626355 0.00000000099999999998 0.00716558432118163339 0.00000000099999999998 0.99161785160006921114 0.00000000099999999998 0.00000000099999999998 0.00000027638317283160 
0.00000000099999999976 0.00000000099999999976 0.00000000099999999976 0.99999999299999997593 0.00000000099999999976 0.00000000099999999976 0.00000000099999999976 0.00000000099999999976 
0.00158130929255580329 0.76190664663533236300 0.00000000099999999999 0.00888905708873734095 0.00000000099999999999 0.00000000099999999999 0.21950780522232007930 0.00811517876105452562 
0.00000000099999999981 0.00000000099999999981 0.00000000099999999981 0.00024673544774195656 0.00000000099999999981 0.00000000099999999981 0.99975325855225793958 0.00000000099999999981 
0.00000078434504381630 0.00000000099999999998 0.03414726692426319626 0.00000000099999999998 0.96585194373069316320 0.00000000099999999998 0.00000000099999999998 0.00000000099999999998 
0.00000000099999999969 0.00000000099999999969 0.00000000099999999969 0.00000000099999999969 0.00000000099999999969 0.00000000099999999969 0.00000000099999999969 0.99999999300000008695 
0.00000000099999999999 0.76385974741889550721 0.00000000099999999999 0.00920398724789523240 0.00000000099999999999 0.00000000099999999999 0.22693626033320937752 0.00000000099999999999 
0.00000000099999999979 0.00000000099999999979 0.00000000099999999979 0.99999999300000008695 0.00000000099999999979 0.00000000099999999979 0.00000000099999999979 0.00000000099999999979 
0.02593162422037433718 0.00000000099999999996 0.30633176503780873423 0.00000000099999999996 0.66773660574181692429 0.00000000099999999996 0.00000000099999999996 0.00000000099999999996 
0.03398164923601752763 0.00000000099999999997 0.29032142006319805461 0.00000000099999999997 0.67569692570078443428 0.00000000099999999997 0.00000000099999999997 0.00000000099999999997 
0.05601204275071982458 0.70141836851182670642 0.07033575567845516685 0.00968813940238780202 0.00000001839005101691 0.11316877712371471720 0.03854671515176977259 0.01083018299107497279 
0.01082806893161099293 0.75710530402323461541 0.00000000100000000000 0.00000000100000000000 0.00000000100000000000 0.00738320338187631407 0.21398849691539037488 0.01069492374788777456 
0.00000000099999999978 0.00000000099999999978 0.00000000099999999978 0.00000028631010164749 0.00000000099999999978 0.00000000099999999978 0.99999970768989843162 0.00000000099999999978 
0.00000000099999999997 0.00000000099999999997 0.01509654238016191335 0.00000000099999999997 0.98490345161983805511 0.00000000099999999997 0.00000000099999999997 0.00000000099999999997 
0.00000000100000000000 0.74716512594901474120 0.00000440275288853507 0.02342411759682078501 0.00000000100000000000 0.00002989703105908401 0.22932349164290347088 0.00005296302731330211 
0.00000000099999999995 0.00000000099999999995 0.00000000099999999995 0.00000000099999999995 0.99999999299999997593 0.00000000099999999995 0.00000000099999999995 0.00000000099999999995 
0.03834475253087343133 0.00000000099999999996 0.33487306629761814936 0.00000000099999999996 0.62678217617150833174 0.00000000099999999996 0.00000000099999999996 0.00000000099999999996 
0.02158561932820089041 0.00000000099999999997 0.31952992101284033444 0.00000000099999999997 0.65888445465895884023 0.00000000099999999997 0.00000000099999999997 0.00000000099999999997 
0.00186496865522439346 0.00000000099999999996 0.27908498217261901164 0.00000000099999999996 0.71905004417215656609 0.00000000099999999996 0.00000000099999999996 0.00000000099999999996 
0.00839575755724469679 0.75096175215950955462 0.00148380615994770444 0.00000000876034400817 0.00000000100000000000 0.00528303398714303086 0.23387563937581110074 0.00000000100000000000 
0.00000000099999999985 0.00000000099999999985 0.00000000099999999985 0.08132898948152735008 0.00000000099999999985 0.00000000099999999985 0.91867100451847250042 0.00000000099999999985 
0.01128304821409598264 0.00000000099999999998 0.01845379110105394363 0.00000000099999999998 0.97026315568484999829 0.00000000099999999998 0.00000000099999999998 0.00000000099999999998 
0.00000000099999999966 0.00000000099999999966 0.00000000099999999966 0.00000000099999999966 0.00000000099999999966 0.00000000099999999966 0.00000000099999999966 0.99999999299999997593 
0.00000000272632001473 0.75375502103447911129 0.00014503949203973824 0.01257996709875039941 0.00000000100000000000 0.00257813782345573490 0.23094182982495509160 0.00000000100000000000 
0.00017571177808336247 0.00000000099999999997 0.00000000099999999997 0.00000000099999999997 0.99982428222191677136 0.00000000099999999997 0.00000000099999999997 0.00000000099999999997 
0.01391741882949409405 0.00000000099999999997 0.28407981283827199448 0.00000000099999999997 0.70200276333223388114 0.00000000099999999997 0.00000000099999999997 0.00000000099999999997 
0.01292667989496996440 0.00000000099999999998 0.29921529968735105509 0.00000000099999999998 0.68785801541767888079 0.00000000099999999998 0.00000000099999999998 0.00000000099999999998 
0.00000000099999999979 0.00000000099999999979 0.00000000099999999979 0.99999999299999997593 0.00000000099999999979 0.00000000099999999979 0.00000000099999999979 0.00000000099999999979 
0.02939372200701593357 0.00000000099999999997 0.26573624382163424373 0.00000000099999999997 0.70487002917134977675 0.00000000099999999997 0.00000000099999999997 0.00000000099999999997 
0.00665380239664608176 0.75677647465703634655 0.00074983565637198478 0.00000000100000000000 0.00000000100000000000 0.00000012818823238726 0.23484306692783754600 0.00097669017387568024 
0.00000000099999999982 0.00000000099999999982 0.00000000099999999982 0.00013233756367358288 0.00000000099999999982 0.00000000099999999982 0.99986765643632635747 0.00000000099999999982 
0.00000000099999999997 0.00000000099999999997 0.02059197396803245927 0.00000000099999999997 0.97931852196820945444 0.00000000099999999997 0.00000000099999999997 0.00008949906375811864 
0.00000000099999999963 0.00000000099999999963 0.00000000099999999963 0.00000000099999999963 0.00000000099999999963 0.00000000099999999963 0.00000000099999999963 0.99999999300000008695 
0.00000000099999999998 0.79317245006499648152 0.00000000099999999998 0.00000000099999999998 0.00000000099999999998 0.00000000099999999998 0.20682754393500371592 0.00000000099999999998 
0.11370383155992647151 0.62390531146892058700 0.11851510921058851233 0.00000000100000000000 0.00112125913656718843 0.12943575319011510483 0.00267083453866048251 0.01064789989522156588 
0.00000000099999999994 0.00000000099999999994 0.28131901612208620733 0.00000000099999999994 0.71868097787791374031 0.00000000099999999994 0.00000000099999999994 0.00000000099999999994 
0.00762208398438669714 0.00000000099999999997 0.27369319931762914333 0.00000000099999999997 0.71868471169798420206 0.00000000099999999997 0.00000000099999999997 0.00000000099999999997 
0.00000000099999999980 0.00000000099999999980 0.00000000099999999980 0.99999999299999997593 0.00000000099999999980 0.00000000099999999980 0.00000000099999999980 0.00000000099999999980 
0.00000000099999999997 0.00000000099999999997 0.26518837642117254472 0.00000000099999999997 0.73481161757882740293 0.00000000099999999997 0.00000000099999999997 0.00000000099999999997 
0.01866491298360863083 0.77517987513104835706 0.00085300212728171832 0.00000000100043123927 0.00000000100000000000 0.00000000100000000000 0.20530220575762991864 0.00000000100000000000 
0.00000000099999999983 0.00000000099999999983 0.00000000099999999983 0.05320749223392461785 0.00000000099999999983 0.00000000099999999983 0.94679250176607543388 0.00000000099999999983 
0.00000000099999999997 0.00000000099999999997 0.02304764634465693990 0.00000000099999999997 0.97695234765534311183 0.00000000099999999997 0.00000000099999999997 0.00000000099999999997 
0.00000000099999999962 0.00000000099999999962 0.00000000099999999962 0.00000000099999999962 0.00000000099999999962 0.00000000099999999962 0.00000000099999999962 0.99999999300000008695 
0.00002831085381938658 0.75370934072402218096 0.00000000099999999999 0.00040053192336379843 0.00000000099999999999 0.00000000099999999999 0.24586181249879462962 0.00000000099999999999 
0.00000000099999999994 0.00000000099999999994 0.28194675832982485364 0.00000000099999999994 0.71805323567017520503 0.00000000099999999994 0.00000000099999999994 0.00000000099999999994 
0.06051507058542698186 0.71398080784657413922 0.05090399892939311000 0.01162761770207197155 0.01267632054472853098 0.08491845424028598988 0.05620453582069758619 0.00917319433082164695 
0.00000000099999999997 0.00000000099999999997 0.27541554435324067107 0.00000000099999999997 0.72458444964675927658 0.00000000099999999997 0.00000000099999999997 0.00000000099999999997 
0.00233260158618638167 0.00000000099999999996 0.26255776285248644264 0.00000000099999999996 0.73510963056132716531 0.00000000099999999996 0.00000000099999999996 0.00000000099999999996 
0.01330900810764871003 0.85136567551390185393 0.02874343565866430139 0.00000000100000000000 0.01593230205539395913 0.00000202688061412625 0.08565362351087006665 0.00499392727290709059 
0.00726877521024551707 0.72412095696880762752 0.01648118041790386581 0.01004203804822788836 0.00000000100000000000 0.00000002023068408800 0.23982011447582954333 0.00226691364830136979 
0.00000000099999999984 0.00000000099999999984 0.00000000099999999984 0.12201001564704250235 0.00000000099999999984 0.00000000099999999984 0.87798997835295744530 0.00000000099999999984 
0.00000006330724471021 0.00000000099999999997 0.01076027647898742529 0.00000000099999999997 0.98923965521376788779 0.00000000099999999997 0.00000000099999999997 0.00000000099999999997 
0.00000000099999999999 0.74699751244826217977 0.00000000099999999999 0.01421270312818405379 0.00000000099999999999 0.00001326001749837733 0.23844707024824990382 0.00032945115780537627 
0.00000000099999999974 0.00000000099999999974 0.00000000099999999974 0.99999999299999997593 0.00000000099999999974 0.00000000099999999974 0.00000000099999999974 0.00000000099999999974 
0.02631889429021456658 0.00000000099999999998 0.25736276122224077678 0.00000000099999999998 0.71631833948754464192 0.00000000099999999998 0.00000000099999999998 0.00000000099999999998 
0.05873801645871293275 0.71003940779509067127 0.05384641237177982542 0.00261305725429405783 0.00000000100000000000 0.10121773712770414100 0.06817204547637471801 0.00537332251604391142 
0.02437765471937890574 0.85688488410083618607 0.00000008226302300939 0.00000000100000000000 0.03524418679479873751 0.00000126279084996325 0.08092722637223626059 0.00256470195887684334 
0.04718987138171840817 0.74642559989301660028 0.04477197962236456608 0.00000039624880888094 0.00000000295288972872 0.09738319084865687536 0.04458595315801093528 0.01964300589453392420 
0.01448446599647515778 0.86908515980660483446 0.00000000100000000000 0.00000000100000000000 0.01771920249022882268 0.01307837350403633948 0.08149728887808345423 0.00413550732457132909 
0.00891657959658050982 0.75250881344884479329 0.00000000100000000000 0.00954747156154543350 0.00000010573316679428 0.00000009587513047363 0.22902671029798804536 0.00000022248674399557 
0.00000000099999999981 0.00000000099999999981 0.00000000099999999981 0.04892213091651445578 0.00000000099999999981 0.00000000099999999981 0.95107786308348551962 0.00000000099999999981 
0.00000000099999999997 0.00000000099999999997 0.02043444757674170095 0.00000000099999999997 0.97956554642325832649 0.00000000099999999997 0.00000000099999999997 0.00000000099999999997 
0.01064650441647344362 0.74754238228002245492 0.00000000100000000000 0.00000000100000000000 0.00000000100000000000 0.00000000100000000000 0.24144616616780253948 0.00036494313570153487 
0.00000000099999999975 0.00000000099999999975 0.00000000099999999975 0.99999999299999997593 0.00000000099999999975 0.00000000099999999975 0.00000000099999999975 0.00000000099999999975 
0.00000000099999999965 0.00000000099999999965 0.00000000099999999965 0.00000000099999999965 0.00000000099999999965 0.00000000099999999965 0.00000000099999999965 0.99999999300000008695 
0.05002843967252454394 0.74272935594099642742 0.06124949850953037567 0.01159707147692893431 0.00000000100000000000 0.07632647463882498429 0.04782111745648114781 0.01024804130471369465 
0.04640066950008501362 0.72775974247313202081 0.06711940860616646964 0.00000000100000000000 0.00000151217151340580 0.09123584142344375036 0.05549972437890009214 0.01198310044675919908 
0.01476122057790298960 0.83478406635911084344 0.00718900035784520233 0.00000000100000000000 0.03022084933671255469 0.00916430121508164490 0.10388056015334665161 0.00000000100000000000 
0.00164198720244718046 0.76863003700607201996 0.00000000099999999999 0.00013966331896818495 0.00000000099999999999 0.00000000099999999999 0.22355252205399794851 0.00603578741851468811 
0.00000000099999999981 0.00000000099999999981 0.00000000099999999981 0.00000000099999999981 0.00000000099999999981 0.00000000099999999981 0.99999999299999997593 0.00000000099999999981 
0.00000000099999999963 0.00000000099999999963 0.00000000099999999963 0.00000000099999999963 0.00000000099999999963 0.00000000099999999963 0.00000000099999999963 0.99999999299999997593 
0.00615518105445366382 0.74975569328381641565 0.00000011373077457119 0.00000000124796663581 0.00000000099999999999 0.00000000099999999999 0.24408900768298871786 0.00000000099999999999 
0.00000000099999999977 0.00000000099999999977 0.00000000099999999977 0.99999999300000008695 0.00000000099999999977 0.00000000099999999977 0.00000000099999999977 0.00000000099999999977 
0.00000000099999999960 0.00000000099999999960 0.00000000099999999960 0.00000000099999999960 0.00000000099999999960 0.00000000099999999960 0.00000000099999999960 0.99999999299999997593 
0.05813518406671289857 0.68611184523729629170 0.07393526588282126055 0.00153427514824325479 0.00424616508372812392 0.09299726806634942000 0.07688600986191286568 0.00615398665293588176 
0.02143196286467364056 0.81457790102520533093 0.01615101057040866858 0.00000000100000000000 0.01744341711547014659 0.01089148381608182753 0.10966522703389987303 0.00983899657426046820 
0.00000000100000000000 0.90633001098459575751 0.01489329676336577715 0.00000000100000000000 0.01427976832633075926 0.00000000100000000000 0.06449688463228291091 0.00000003629342502794 
0.02227105171214125573 0.82841931268097535046 0.00615670319489326767 0.00000000100000000000 0.02590577776110534677 0.00000000100000000000 0.10802809927405834789 0.00921905337682656784 
0.02571817998009968270 0.83882501853921753732 0.01029361764798687566 0.00000000100000000000 0.03383626772530334142 0.00569008166575101035 0.08563678325409648795 0.00000005018754518303 
0.05220569636294118687 0.70048264731613274492 0.10359343796321295039 0.00000000099999999999 0.00000000099999999999 0.13531210235489585236 0.00000000099999999999 0.00840611300281741969 
0.00000000099999999983 0.00000000099999999983 0.99999999300000008695 0.00000000099999999983 0.00000000099999999983 0.00000000099999999983 0.00000000099999999983 0.00000000099999999983 
0.00000000099999999992 0.00000000099999999992 0.00000000099999999992 0.00000000099999999992 0.00000000099999999992 0.99999999299999997593 0.00000000099999999992 0.00000000099999999992 
0.00000000099999999991 0.00000000099999999991 0.00000000099999999991 0.00000000099999999991 0.00000000099999999991 0.99999999299999997593 0.00000000099999999991 0.00000000099999999991 
0.00000000099999999959 0.00000000099999999959 0.00000000099999999959 0.00000000099999999959 0.00000000099999999959 0.00000000099999999959 0.00000000099999999959 0.99999999299999997593 
0.00000000099999999980 0.00000000099999999980 0.99999999300000008695 0.00000000099999999980 0.00000000099999999980 0.00000000099999999980 0.00000000099999999980 0.00000000099999999980 
0.00229710279312586411 0.00000000099999999996 0.10867780294685960851 0.00000000099999999996 0.00000000099999999996 0.88902508926001455603 0.00000000099999999996 0.00000000099999999996 
0.10997158543859522628 0.61727797065687806111 0.14501530938485304723 0.00000000099999999999 0.00521809437124887057 0.10744041276382493288 0.00000000099999999999 0.01507662538460005641 
0.09323083874149086514 0.65220734147889836141 0.12773941970535993007 0.00000000099999999999 0.01598449473160667988 0.10677524509538610653 0.00000000099999999999 0.00406265824725818812 
0.08233248887980901265 0.71483298898023661661 0.10798702365300169581 0.00000000099999999999 0.00000000099999999999 0.09129393676571016802 0.00000000099999999999 0.00355355872124253885 
0.00000000099999999994 0.00000000099999999994 0.00000000099999999994 0.00000000099999999994 0.99999999299999997593 0.00000000099999999994 0.00000000099999999994 0.00000000099999999994 
0.00000000099999999998 0.00000000099999999998 0.02314469960633627754 0.00000000099999999998 0.95306462663116875422 0.00000000099999999998 0.02379066876249491883 0.00000000099999999998 
0.00000000099999999993 0.99953432332020786255 0.00000000099999999993 0.00000000099999999993 0.00000000099999999993 0.00000000099999999993 0.00046567067979228004 0.00000000099999999993 
0.08361446254522508781 0.63900233032413911172 0.15122101446231772659 0.00000000099999999999 0.01389465066519278598 0.10180469360292190850 0.00000000099999999999 0.01046284640020333535 
0.04398119693049069856 0.12699591176852706442 0.26891622524156399976 0.00000000099999999999 0.00973042775435863441 0.53779081764187308679 0.00000000099999999999 0.01258541866318663160 
0.00000000099999999994 0.00000000099999999994 0.99999999299999997593 0.00000000099999999994 0.00000000099999999994 0.00000000099999999994 0.00000000099999999994 0.00000000099999999994 
0.00000000099999999991 0.00000000099999999991 0.99999999300000008695 0.00000000099999999991 0.00000000099999999991 0.00000000099999999991 0.00000000099999999991 0.00000000099999999991 
0.00000000099999999991 0.00000000099999999991 0.00000000099999999991 0.00000000099999999991 0.00000000099999999991 0.99999999299999997593 0.00000000099999999991 0.00000000099999999991 
0.02980392058045402970 0.73302614484945516349 0.04704446335289398651 0.00246607159289964108 0.01529943840931249043 0.04474238918812394744 0.12313456460713520513 0.00448300741972559608 
0.00000000099999999993 0.99999999300000008695 0.00000000099999999993 0.00000000099999999993 0.00000000099999999993 0.00000000099999999993 0.00000000099999999993 0.00000000099999999993 
0.09245286541977779105 0.62497871835387197592 0.17658725148430781671 0.00000000099999999999 0.00660926351171654651 0.09472800471174548653 0.00000000099999999999 0.00464389451858064194 
0.09340653884603949964 0.68594721678276349142 0.11791274878272431370 0.00000000100000000000 0.00000000100000000000 0.08520467198259897013 0.00000000100000000000 0.01752882060587388630 
0.10511150135349663082 0.01429793564235113182 0.66052632558835178145 0.00000000099999999999 0.04895907859106997384 0.17110515582473057039 0.00000000099999999999 0.00000000099999999999 
0.02520625127203870650 0.00000000099999999996 0.64619932271931612711 0.00000000099999999996 0.00000000099999999996 0.32859442100864533209 0.00000000099999999996 0.00000000099999999996 
0.00000000099999999993 0.00000000099999999993 0.99999999300000008695 0.00000000099999999993 0.00000000099999999993 0.00000000099999999993 0.00000000099999999993 0.00000000099999999993 
0.00000000099999999995 0.99999999300000008695 0.00000000099999999995 0.00000000099999999995 0.00000000099999999995 0.00000000099999999995 0.00000000099999999995 0.00000000099999999995 
0.00000000099999999989 0.00000000099999999989 0.00000000099999999989 0.00000000099999999989 0.00000000099999999989 0.99999999299999997593 0.00000000099999999989 0.00000000099999999989 
0.02920498906921165094 0.73618304837394454854 0.04294642619314142928 0.00000000100000000000 0.02454434249397678333 0.03891645425296987731 0.10959555631653122854 0.01860918230022442013 
0.09434876347526818807 0.62491704375988343934 0.19720004735595983436 0.00000000099999999999 0.00747011766178045690 0.07606401891305182572 0.00000000099999999999 0.00000000683405638046 
0.06973166139490903637 0.72055264480338543365 0.09686264926656872054 0.00000000100000000000 0.00702480198631418983 0.09968786682437667801 0.00203317969250893169 0.00410719503193713274 
0.11515348139125590465 0.03391027019946933618 0.63894374293308764390 0.00000000099999999998 0.03065395863083770350 0.18049927353270286967 0.00000000099999999998 0.00083927131264654694 
0.00620679271668049971 0.00000000099999999996 0.64937963372043394639 0.00000000099999999996 0.00000000099999999996 0.34441356856288568578 0.00000000099999999996 0.00000000099999999996 
0.00000000099999999995 0.99999999300000019797 0.00000000099999999995 0.00000000099999999995 0.00000000099999999995 0.00000000099999999995 0.00000000099999999995 0.00000000099999999995 
0.00000000099999999992 0.00000000099999999992 0.00000000099999999992 0.00000000099999999992 0.00000000099999999992 0.99999999300000008695 0.00000000099999999992 0.00000000099999999992 
0.04444412688510217257 0.75583095741650629940 0.02620197843515006605 0.00000000100000000000 0.02996727684092965333 0.04540276528824625096 0.09568487883469627142 0.00246801529936931238 
0.07788485430737585036 0.65415962377537262284 0.17504234759778730668 0.00000000099999999999 0.00000000099999999999 0.09291317031946429161 0.00000000099999999999 0.00000000099999999999 
0.07409979738746734490 0.69453096989022999885 0.11973310230309015811 0.00000000100000000000 0.01383115136345265499 0.08953700993735468072 0.00000000100000000000 0.00826796711840512705 
0.08566352357667338102 0.00079978090415327378 0.69388937299286634897 0.00000000099999999999 0.01478122427357443994 0.20257603958535130850 0.00000000099999999999 0.00229005666738129124 
0.02368800513258521867 0.00000000099999999998 0.65871776993088104746 0.00000000099999999998 0.00000000099999999998 0.31759421993653386140 0.00000000099999999998 0.00000000099999999998 
0.00000000099999999994 0.00000000099999999994 0.99999999300000008695 0.00000000099999999994 0.00000000099999999994 0.00000000099999999994 0.00000000099999999994 0.00000000099999999994 
0.06102190815162932686 0.12389750078862896143 0.28057873097870372758 0.00000000099999999999 0.00000026294688118812 0.51525397785252369243 0.00000000099999999999 0.01924761728163299629 
0.00000000099999999990 0.00000000099999999990 0.00000000099999999990 0.00000000099999999990 0.00000000099999999990 0.99999999299999997593 0.00000000099999999990 0.00000000099999999990 
0.03722123428747529245 0.74454175176662740210 0.03789968996536966644 0.00000000100000000000 0.02476052483480311109 0.04060552843141778528 0.10732249250915552874 0.00764877720515127601 
0.11307461466027071695 0.62085910536094257584 0.18756618167101640759 0.00000000099999999999 0.00020853190235236850 0.07829156340541777725 0.00000000099999999999 0.00000000099999999999 
0.08057709924377746968 0.67733677634779565491 0.11102664154420581466 0.00000000100000000000 0.00914476956526375125 0.09547597518197763200 0.01437618537182916434 0.01206255174515046859 
