0.00000379440843728510 0.00001953256170754595 0.08966914165595168962 0.00000256137862627719 0.10662285191110011662 0.00244975664840866528 0.00000000100000000000 0.08826711036618840878 0.71296525006958011428 
0.99999999200000011523 0.00000000099999999978 0.00000000099999999978 0.00000000099999999978 0.00000000099999999978 0.00000000099999999978 0.00000000099999999978 0.00000000099999999978 0.00000000099999999978 
0.00000000099999999999 0.00000000099999999999 0.42001405315983070254 0.00000000099999999999 0.40459714508584854187 0.00000000801916386846 0.00000000099999999999 0.04922583446223876419 0.12616295527291807033 
0.99999999200000022626 0.00000000099999999979 0.00000000099999999979 0.00000000099999999979 0.00000000099999999979 0.00000000099999999979 0.00000000099999999979 0.00000000099999999979 0.00000000099999999979 
0.00000000099999999989 0.00000000099999999989 0.00000000099999999989 0.00000000099999999989 0.99999999200000000421 0.00000000099999999989 0.00000000099999999989 0.00000000099999999989 0.00000000099999999989 
0.99999999200000011523 0.00000000099999999972 0.00000000099999999972 0.00000000099999999972 0.00000000099999999972 0.00000000099999999972 0.00000000099999999972 0.00000000099999999972 0.00000000099999999972 
0.99999999200000011523 0.00000000099999999982 0.00000000099999999982 0.00000000099999999982 0.00000000099999999982 0.00000000099999999982 0.00000000099999999982 0.00000000099999999982 0.00000000099999999982 
0.39511221055723394491 0.00000000099999999982 0.00000000099999999982 0.00000000099999999982 0.00000000099999999982 0.00000000099999999982 0.60488778244276597551 0.00000000099999999982 0.00000000099999999982 
0.99999999200000011523 0.00000000099999999972 0.00000000099999999972 0.00000000099999999972 0.00000000099999999972 0.00000000099999999972 0.00000000099999999972 0.00000000099999999972 0.00000000099999999972 
0.36521321262615913383 0.00000000099999999981 0.00000000099999999981 0.00000000099999999981 0.00000000099999999981 0.00000000099999999981 0.63478678037384073107 0.00000000099999999981 0.00000000099999999981 
0.99999999200000022626 0.00000000099999999976 0.00000000099999999976 0.00000000099999999976 0.00000000099999999976 0.00000000099999999976 0.00000000099999999976 0.00000000099999999976 0.00000000099999999976 
0.00203711618224986088 0.00000108317007969251 0.10607433131252412550 0.00029834754626023607 0.13416297334659002538 0.01606735330611641296 0.00000004289796645000 0.05839308474440776248 0.68296566749380538397 
0.99999999200000022626 0.00000000099999999977 0.00000000099999999977 0.00000000099999999977 0.00000000099999999977 0.00000000099999999977 0.00000000099999999977 0.00000000099999999977 0.00000000099999999977 
0.80088155263333860034 0.00000000099999999979 0.00000000099999999979 0.00000000099999999979 0.00000000099999999979 0.00000000099999999979 0.19911844036666151436 0.00000000099999999979 0.00000000099999999979 
0.99999999200000011523 0.00000000099999999975 0.00000000099999999975 0.00000000099999999975 0.00000000099999999975 0.00000000099999999975 0.00000000099999999975 0.00000000099999999975 0.00000000099999999975 
0.00000000099999999994 0.00000000099999999994 0.58647832811620248528 0.00000000099999999994 0.41352166488379760168 0.00000000099999999994 0.00000000099999999994 0.00000000099999999994 0.00000000099999999994 
0.00000000099999999999 0.00004444951596090716 0.10485914178313218703 0.00131029508120652149 0.10564389542927264676 0.00131803502835903556 0.00000000099999999999 0.09101887063556587942 0.69580531052650285151 
0.99999999200000022626 0.00000000099999999975 0.00000000099999999975 0.00000000099999999975 0.00000000099999999975 0.00000000099999999975 0.00000000099999999975 0.00000000099999999975 0.00000000099999999975 
0.40532436569198271314 0.00000000099999999984 0.00000000099999999984 0.00000000099999999984 0.00000000099999999984 0.00000000099999999984 0.59467562730801726278 0.00000000099999999984 0.00000000099999999984 
0.00000000099999999994 0.00000000099999999994 0.61541554015534327693 0.00000000099999999994 0.38458444485381454436 0.00000000099999999994 0.00000000099999999994 0.00000000899084209663 0.00000000099999999994 
0.00066094384059437968 0.00046758474621370482 0.11960589127179031832 0.00000310987140282405 0.09230858657624496644 0.00901635940167263596 0.00000002280779826008 0.07543183605014028292 0.70250566543414261211 
0.00000000099999999998 0.00000000099999999998 0.40884943276218899122 0.00000000099999999998 0.33850546338939802027 0.00000000099999999998 0.00000000099999999998 0.09527741478829634958 0.15736768406011672483 
0.00000000099999999999 0.00000000692928371552 0.13307132742525543123 0.01051032648013784827 0.82473933856015957389 0.01252170765707965108 0.00801315877997997583 0.01107844470612646612 0.00006568846197720551 
0.36253788935306663355 0.00000000099999999981 0.00000000099999999981 0.00000000099999999981 0.00000000099999999981 0.00000000099999999981 0.63746210364693323136 0.00000000099999999981 0.00000000099999999981 
0.00000000099999999999 0.00000000099999999999 0.08933943838660787784 0.00000000099999999999 0.13179631742180084042 0.00661860092386959680 0.00000000099999999999 0.07931346136624577159 0.69293217790147587642 
0.56749262658516919089 0.00000000099999999981 0.00000000099999999981 0.00000000099999999981 0.00000000099999999981 0.00000000099999999981 0.43250736641483089606 0.00000000099999999981 0.00000000099999999981 
0.00000000099999999994 0.64089469860768777387 0.32662689385679832821 0.00000000099999999994 0.00000000099999999994 0.00000000099999999994 0.00000000099999999994 0.03247840153551415782 0.00000000099999999994 
0.00000000099999999999 0.00000000099999999999 0.10341440166072821127 0.00000000099999999999 0.12941369906074781659 0.01502045448935111251 0.00000000301264618004 0.06886222141953775300 0.68328921735698899820 
0.00000000099999999999 0.00012276899775014765 0.11788708747445555969 0.00000003093755163488 0.10087417321252037383 0.00667922102496404640 0.00000000099999999999 0.09320915410792526834 0.68122756224483305143 
0.00000000099999999977 0.00000000099999999977 0.00000000099999999977 0.00000000099999999977 0.00000000099999999977 0.00000000099999999977 0.00000000099999999977 0.99999999200000000421 0.00000000099999999977 
0.00000000099999999994 0.00000000099999999994 0.56219469644256536700 0.00000000099999999994 0.43780529655743460893 0.00000000099999999994 0.00000000099999999994 0.00000000099999999994 0.00000000099999999994 
0.00000000099999999989 0.00000000099999999989 0.00000000099999999989 0.00000000099999999989 0.99999999200000000421 0.00000000099999999989 0.00000000099999999989 0.00000000099999999989 0.00000000099999999989 
0.00000000120702918278 0.00001100285204305127 0.11407308525547917022 0.01149868214605125408 0.10021409557696298043 0.00335210955160793016 0.00000112508940492069 0.09619234388750569353 0.67465755443391595136 
0.00000000099999999998 0.00020845213711469138 0.38216468333090747311 0.00000000099999999998 0.36298339016916592037 0.00180008962000366706 0.00000000099999999998 0.07759751290944026658 0.17524586883336801257 
0.00000000099999999992 0.00000000099999999992 0.00000000099999999992 0.00000000099999999992 0.99999999200000000421 0.00000000099999999992 0.00000000099999999992 0.00000000099999999992 0.00000000099999999992 
0.00000000099999999984 0.00000000099999999984 0.99999999200000011523 0.00000000099999999984 0.00000000099999999984 0.00000000099999999984 0.00000000099999999984 0.00000000099999999984 0.00000000099999999984 
0.00000027428992254327 0.00000056191610448798 0.10033811899383308919 0.00000000100000000000 0.12667521203730622292 0.00665542434023566522 0.00000003518309765807 0.06040526519876104894 0.70592510704073918593 
0.70941894220066858967 0.00000000099999999981 0.00000000099999999981 0.00000000099999999981 0.00000000099999999981 0.00000000099999999981 0.29058105079933155279 0.00000000099999999981 0.00000000099999999981 
0.74620441431462425363 0.00000000099999999983 0.00000000099999999983 0.00000000099999999983 0.00000000099999999983 0.00000000099999999983 0.25379557868537605536 0.00000000099999999983 0.00000000099999999983 
0.00000000099999999996 0.98515702170974428498 0.00214970842491375106 0.01269326386534211371 0.00000000099999999996 0.00000000099999999996 0.00000000099999999996 0.00000000099999999996 0.00000000099999999996 
0.00000000162564691167 0.00230253000389138819 0.08050763150221776354 0.00000000100000000000 0.10161340090138828995 0.00872439806645316542 0.00000000100000000000 0.08979866747924439285 0.71705336842115807716 
0.00000000099999999979 0.00000000099999999979 0.00000000099999999979 0.00000000099999999979 0.00000000099999999979 0.00000000099999999979 0.00000000099999999979 0.99999999199999989319 0.00000000099999999979 
0.00000000099999999995 0.99926826549368819030 0.00000000099999999995 0.00073172750631202437 0.00000000099999999995 0.00000000099999999995 0.00000000099999999995 0.00000000099999999995 0.00000000099999999995 
0.00012384046308842430 0.01415255223990304762 0.13891796372847139973 0.00512922596417659301 0.10949457312303090273 0.00669329407343430011 0.00589400176583084173 0.09498882395770845422 0.62460572468435593407 
0.00000003352875759254 0.00026778591411938748 0.12600148772865618629 0.00000017521879365980 0.10265193447518419778 0.01848210478088699663 0.00472024581417052752 0.09189229203841023375 0.65598394050102137864 
0.00000000099999999999 0.00023930089662670706 0.45015206075819297338 0.00000000099999999999 0.27661664931143370438 0.00000000200431993588 0.00000000099999999999 0.08294575475554093191 0.19004622927388561959 
0.00000000099999999995 0.00000000099999999995 0.11086611640169025117 0.00000000099999999995 0.88913387659830978027 0.00000000099999999995 0.00000000099999999995 0.00000000099999999995 0.00000000099999999995 
0.00000000099999999975 0.00000000099999999975 0.99999999200000000421 0.00000000099999999975 0.00000000099999999975 0.00000000099999999975 0.00000000099999999975 0.00000000099999999975 0.00000000099999999975 
0.00000000099999999993 0.00000000099999999993 0.56445817323219893424 0.00000000099999999993 0.43554181976780120822 0.00000000099999999993 0.00000000099999999993 0.00000000099999999993 0.00000000099999999993 
0.00000000099999999993 0.00000000099999999993 0.58714301682469327570 0.00000000099999999993 0.41285697617530675574 0.00000000099999999993 0.00000000099999999993 0.00000000099999999993 0.00000000099999999993 
0.00000000100000000000 0.00000001331690866560 0.10155113581080113527 0.00001027207852077591 0.13394970553902421639 0.00454988158687892087 0.00000000827499099582 0.07066260797418924544 0.68927637441868605528 
0.40596695135983590363 0.00000000099999999986 0.00000000099999999986 0.00000000099999999986 0.00000000099999999986 0.00000000099999999986 0.59403304164016401678 0.00000000099999999986 0.00000000099999999986 
0.00000000099999999995 0.99999999200000022626 0.00000000099999999995 0.00000000099999999995 0.00000000099999999995 0.00000000099999999995 0.00000000099999999995 0.00000000099999999995 0.00000000099999999995 
0.00000000099999999999 0.00557885246453291087 0.09572306063948278487 0.00000018135102948939 0.08311733733568073268 0.00782276239292526050 0.00000000099999999999 0.08607353548725896197 0.72168426832908993962 
0.00000000099999999977 0.00000000099999999977 0.00000000099999999977 0.00000000099999999977 0.00000000099999999977 0.00000000099999999977 0.00000000099999999977 0.99999999200000000421 0.00000000099999999977 
0.00000000099999999994 0.99999999200000011523 0.00000000099999999994 0.00000000099999999994 0.00000000099999999994 0.00000000099999999994 0.00000000099999999994 0.00000000099999999994 0.00000000099999999994 
0.00000000243325127505 0.00368007567603032297 0.13098373785142883308 0.00000001724722105995 0.14690212133354821344 0.00961383761881830050 0.00631459760074302035 0.08715203540072816168 0.61535357483823083236 
0.00000000099999999999 0.00000000099999999999 0.08478079004833943833 0.00000000099999999999 0.13819961025052879267 0.01718523441702562993 0.00000000099999999999 0.07142364732005697381 0.68841071396404918126 
0.00000000099999999999 0.00175094309747721101 0.40885714207015327881 0.00000000099999999999 0.34128246203590312247 0.00000136180097373338 0.00000000099999999999 0.06921907317645710489 0.17888901481903551893 
0.00000000099999999987 0.00000000099999999987 0.00000000099999999987 0.00000000099999999987 0.99999999200000000421 0.00000000099999999987 0.00000000099999999987 0.00000000099999999987 0.00000000099999999987 
0.00000000099999999991 0.00000000099999999991 0.00000000099999999991 0.00000000099999999991 0.99999999200000000421 0.00000000099999999991 0.00000000099999999991 0.00000000099999999991 0.00000000099999999991 
0.00000000099999999994 0.00000000099999999994 0.59919274897885710374 0.00000000099999999994 0.40080724402114292770 0.00000000099999999994 0.00000000099999999994 0.00000000099999999994 0.00000000099999999994 
0.00000000100000000000 0.00029526354669769231 0.13560379951968415391 0.00334337059410453989 0.09669935876731522439 0.00929045669226852451 0.00689111549037526097 0.10147238700390645572 0.64640424738564816742 
0.76214463032165458145 0.00000000099999999982 0.00000000099999999982 0.00000000099999999982 0.00000000099999999982 0.00000000099999999982 0.23785536267834561652 0.00000000099999999982 0.00000000099999999982 
0.00000000099999999975 0.00000000099999999975 0.99999999200000000421 0.00000000099999999975 0.00000000099999999975 0.00000000099999999975 0.00000000099999999975 0.00000000099999999975 0.00000000099999999975 
0.00000000099999999994 0.99994093099357017618 0.00000000099999999994 0.00005906200642994396 0.00000000099999999994 0.00000000099999999994 0.00000000099999999994 0.00000000099999999994 0.00000000099999999994 
0.38048545235328956604 0.00000000099999999983 0.00000000099999999983 0.00000000099999999983 0.00000000099999999983 0.00000000099999999983 0.61951454064671029887 0.00000000099999999983 0.00000000099999999983 
0.00000000099999999978 0.00000000099999999978 0.00000000099999999978 0.00000000099999999978 0.00000000099999999978 0.00000000099999999978 0.00000000099999999978 0.99999999200000000421 0.00000000099999999978 
0.00000000099999999994 0.99999999200000011523 0.00000000099999999994 0.00000000099999999994 0.00000000099999999994 0.00000000099999999994 0.00000000099999999994 0.00000000099999999994 0.00000000099999999994 
0.00000000099999999977 0.00000000099999999977 0.99999999200000000421 0.00000000099999999977 0.00000000099999999977 0.00000000099999999977 0.00000000099999999977 0.00000000099999999977 0.00000000099999999977 
0.00000000099999999999 0.00000001990487489127 0.41254270448442487140 0.00000000099999999999 0.32867684260781027117 0.00000002570465863109 0.00000000099999999999 0.07816115249423692679 0.18061925180399457380 
0.71150537299121618950 0.00000000099999999980 0.00000000099999999980 0.00000000099999999980 0.00000000099999999980 0.00000000099999999980 0.28849462000878389745 0.00000000099999999980 0.00000000099999999980 
0.00000000099999999991 0.00000000099999999991 0.00000000099999999991 0.00000000099999999991 0.99999999200000011523 0.00000000099999999991 0.00000000099999999991 0.00000000099999999991 0.00000000099999999991 
0.00000000099999999993 0.00000000099999999993 0.58916778481220011265 0.00000000099999999993 0.41083220818779997430 0.00000000099999999993 0.00000000099999999993 0.00000000099999999993 0.00000000099999999993 
0.73636177737578356606 0.00000000099999999981 0.00000000099999999981 0.00000000099999999981 0.00000000099999999981 0.00000000099999999981 0.26363821562421657640 0.00000000099999999981 0.00000000099999999981 
0.00000000099999999980 0.00000000099999999980 0.00000000099999999980 0.00000000099999999980 0.00000000099999999980 0.00000000099999999980 0.00000000099999999980 0.99999999200000000421 0.00000000099999999980 
0.36811597390657274653 0.00000000099999999984 0.00000000099999999984 0.00000000099999999984 0.00000000099999999984 0.00000000099999999984 0.63188401909342706286 0.00000000099999999984 0.00000000099999999984 
0.00000000099999999981 0.00000000099999999981 0.00000000099999999981 0.00000000099999999981 0.00000000099999999981 0.00000000099999999981 0.00000000099999999981 0.99999999199999989319 0.00000000099999999981 
0.00000000099999999992 0.00000000099999999992 0.60373726763416346586 0.00000000099999999992 0.39626272536583667661 0.00000000099999999992 0.00000000099999999992 0.00000000099999999992 0.00000000099999999992 
0.00000000099999999995 0.99836757611875759366 0.00000000099999999995 0.00163241688124253384 0.00000000099999999995 0.00000000099999999995 0.00000000099999999995 0.00000000099999999995 0.00000000099999999995 
0.00000000099999999998 0.00126135682146199493 0.39630033077481890968 0.00000000099999999998 0.31061956286150493867 0.00691635588443027197 0.00000000099999999998 0.08935636097594210070 0.19554602968184175982 
0.00000000099999999994 0.00000000099999999994 0.00000000099999999994 0.00000000099999999994 0.99999999200000000421 0.00000000099999999994 0.00000000099999999994 0.00000000099999999994 0.00000000099999999994 
0.00000000099999999991 0.00000000099999999991 0.02283407800466782933 0.00000000099999999991 0.97716591499533222986 0.00000000099999999991 0.00000000099999999991 0.00000000099999999991 0.00000000099999999991 
0.00000000099999999999 0.00000000099999999999 0.11670180501518001570 0.00000000099999999999 0.12917282035198529577 0.01843041482011029478 0.00000000099999999999 0.06709254702104748558 0.66860240879167687211 
0.67810533554786278643 0.00000000099999999982 0.00000000099999999982 0.00000000099999999982 0.00000000099999999982 0.00000000099999999982 0.32189465745213730052 0.00000000099999999982 0.00000000099999999982 
0.00000000099999999978 0.00000000099999999978 0.00000000099999999978 0.00000000099999999978 0.00000000099999999978 0.00000000099999999978 0.00000000099999999978 0.99999999199999989319 0.00000000099999999978 
0.00000000099999999993 0.00000000099999999993 0.13016634505194926708 0.00000000099999999993 0.86983364794805073661 0.00000000099999999993 0.00000000099999999993 0.00000000099999999993 0.00000000099999999993 
0.00000000099999999990 0.00000000099999999990 0.00000000099999999990 0.00000000099999999990 0.99999999200000000421 0.00000000099999999990 0.00000000099999999990 0.00000000099999999990 0.00000000099999999990 
0.00000000099999999999 0.00000000099999999999 0.89379243251877971144 0.00000013961511012557 0.08003075942769820317 0.01551193540506682136 0.01065292072564370460 0.00000140039130345990 0.00001040991639797149 
0.00000000099999999979 0.00000000099999999979 0.00000000099999999979 0.00000000099999999979 0.00000000099999999979 0.00000000099999999979 0.00000000099999999979 0.99999999199999989319 0.00000000099999999979 
0.00000000099999999986 0.00000000099999999986 0.00000000099999999986 0.00000000099999999986 0.99999999200000011523 0.00000000099999999986 0.00000000099999999986 0.00000000099999999986 0.00000000099999999986 
0.00000000099999999998 0.00233556379986016869 0.39799979328375334475 0.00000000099999999998 0.32928949643638721900 0.00414590517127787304 0.00000000099999999998 0.08629199325523589925 0.17993724505348548948 
0.00000000099999999998 0.98339582611311493476 0.00671407295284161872 0.00973919099985142561 0.00000000099999999998 0.00004200391484041674 0.00000000099999999998 0.00010890201935169015 0.00000000099999999998 
0.99999999200000011523 0.00000000099999999975 0.00000000099999999975 0.00000000099999999975 0.00000000099999999975 0.00000000099999999975 0.00000000099999999975 0.00000000099999999975 0.00000000099999999975 
0.00000002123577992377 0.00000000168942574605 0.00000000099999999999 0.03478108049498204041 0.00000000099999999999 0.00786128436149348409 0.16648244602154096961 0.00454500953799153503 0.78633015465878619565 
0.00000000099999999978 0.00000000099999999978 0.00000000099999999978 0.00000000099999999978 0.00000000099999999978 0.00000000099999999978 0.99999999199999989319 0.00000000099999999978 0.00000000099999999978 
0.00000000099999999998 0.96107520301655058326 0.03327004570652333099 0.00560197567509790762 0.00000001741291343855 0.00000027719662813094 0.00000000099999999998 0.00005247799228683024 0.00000000099999999998 
0.00000000099999999964 0.00000000099999999964 0.00000000099999999964 0.00000000099999999964 0.00000000099999999964 0.99999999200000000421 0.00000000099999999964 0.00000000099999999964 0.00000000099999999964 
0.00000311796550980108 0.00000000099999999999 0.00000000099999999999 0.05122125240483653419 0.00000017006871116055 0.00000001362291542699 0.15882801504755883482 0.00014921227225553040 0.78979821661821281165 
0.99999999200000011523 0.00000000099999999978 0.00000000099999999978 0.00000000099999999978 0.00000000099999999978 0.00000000099999999978 0.00000000099999999978 0.00000000099999999978 0.00000000099999999978 
0.00000000099999999996 0.66891387718752415292 0.30442523163921603180 0.00000000099999999996 0.00000000099999999996 0.00000000099999999996 0.00000000099999999996 0.02666088517326003007 0.00000000099999999996 
0.00000000099999999997 0.67626232503360372839 0.28849021509581446177 0.00000150992762243541 0.00000000099999999997 0.00000000099999999997 0.00000000099999999997 0.03524594494295951036 0.00000000099999999997 
0.00912869499179063022 0.00007681724787111299 0.07102332832404803509 0.00806098200914696222 0.11421200068234940717 0.01068290902789185461 0.02763076237075278926 0.05723246541895857936 0.70195203992719068520 
0.00000000100000000000 0.00000629344997809337 0.00000000100000000000 0.03681876597957239178 0.00757092825166987265 0.01059133797941172635 0.14933190149324596097 0.01313648081569651800 0.78254429003042536017 
0.00000000099999999973 0.00000000099999999973 0.00000000099999999973 0.00000000099999999973 0.00000000099999999973 0.00000000099999999973 0.99999999200000000421 0.00000000099999999973 0.00000000099999999973 
0.00000000099999999996 0.98717840603846229719 0.01282158696153782272 0.00000000099999999996 0.00000000099999999996 0.00000000099999999996 0.00000000099999999996 0.00000000099999999996 0.00000000099999999996 
0.01274949169755342122 0.00000058512896497032 0.00000272538546476929 0.04648468479590881636 0.00028149560844007961 0.00103547227524043088 0.16224301303425658904 0.00005809332784723388 0.77714443874632366249 
0.00000000099999999995 0.99994300822503423554 0.00000000099999999995 0.00005698477496597484 0.00000000099999999995 0.00000000099999999995 0.00000000099999999995 0.00000000099999999995 0.00000000099999999995 
0.00000000099999999995 0.62884912442128582111 0.33277590208000878969 0.00000000099999999995 0.00000000099999999995 0.00000000099999999995 0.00000000099999999995 0.03837496749870539930 0.00000000099999999995 
0.00000000099999999997 0.65994099138278483618 0.31788281359515579982 0.00000000099999999997 0.00000000099999999997 0.00000000099999999997 0.00000000099999999997 0.02217618902205946430 0.00000000099999999997 
0.00000000099999999996 0.72127167128623581593 0.27733551121404920181 0.00000000099999999996 0.00000000099999999996 0.00000000099999999996 0.00000000099999999996 0.00139281149971527121 0.00000000099999999996 
0.00000000099999999999 0.00354329957705210724 0.00090160923522274205 0.03056057930877641160 0.00462868878562295617 0.00000000099999999999 0.17321399967186940083 0.01044993207806398094 0.77670188934339234876 
0.00000000099999999979 0.00000000099999999979 0.00000000099999999979 0.00000000099999999979 0.00000000099999999979 0.00000000099999999979 0.99999999200000000421 0.00000000099999999979 0.00000000099999999979 
0.00000000099999999998 0.97122420461571223882 0.01696673517405564852 0.00000243340151382618 0.00000021585761239402 0.00000000099999999998 0.00000000099999999998 0.01180640695110606563 0.00000000099999999998 
0.00000000099999999962 0.00000000099999999962 0.00000000099999999962 0.00000000099999999962 0.00000000099999999962 0.99999999200000011523 0.00000000099999999962 0.00000000099999999962 0.00000000099999999962 
0.00038032633338849384 0.00000000157043964691 0.00000027660435260507 0.06578403909773587743 0.00269241787930379851 0.00000000100000000000 0.15301460817561651773 0.00012934496368962171 0.77799898437547354568 
0.00000000099999999997 0.99993476232986522323 0.00000000271660158715 0.00000473780753551552 0.00000000099999999997 0.00000000099999999997 0.00000000099999999997 0.00006049214599781559 0.00000000099999999997 
0.00000000099999999997 0.70257290170850728028 0.28213210225608614801 0.00000000261273822278 0.00000000099999999997 0.00000000099999999997 0.00000000099999999997 0.01529498842266853106 0.00000000099999999997 
0.00000000099999999998 0.68913876846887112126 0.29712095590280745983 0.00000000099999999998 0.00000000099999999998 0.00000000222809865878 0.00000000099999999998 0.01374026840022279927 0.00000000099999999998 
0.99999999200000022626 0.00000000099999999979 0.00000000099999999979 0.00000000099999999979 0.00000000099999999979 0.00000000099999999979 0.00000000099999999979 0.00000000099999999979 0.00000000099999999979 
0.00000000099999999997 0.70609940526990466747 0.26404779502868658270 0.00000011843739220037 0.00000002056994356499 0.00000000099999999997 0.00000000099999999997 0.02985265669407301953 0.00000000099999999997 
0.00000000100000000000 0.00000000100000000000 0.00000579047667770821 0.04755266286268135245 0.00001102924710482725 0.00095317467204746422 0.16033985323610122631 0.00959396979763766158 0.78154351770774987962 
0.00000000099999999978 0.00000000099999999978 0.00000000099999999978 0.00000000099999999978 0.00000000099999999978 0.00000000099999999978 0.99999999200000000421 0.00000000099999999978 0.00000000099999999978 
0.00000000099999999997 0.97410163008501771120 0.01880474918508501236 0.00657568059201305011 0.00000000099999999997 0.00051793513788421822 0.00000000099999999997 0.00000000099999999997 0.00000000099999999997 
0.00000000099999999958 0.00000000099999999958 0.00000000099999999958 0.00000000099999999958 0.00000000099999999958 0.99999999200000000421 0.00000000099999999958 0.00000000099999999958 0.00000000099999999958 
0.00000000099999999998 0.00000000099999999998 0.00000000099999999998 0.04501582059635145933 0.00000000099999999998 0.00000000099999999998 0.13000042010180587471 0.00000000099999999998 0.82498375330184270382 
0.00000000100000000000 0.00064760583445549970 0.11890743010341409125 0.00073861224973614163 0.13074135967575392647 0.01057253341070526174 0.00347062798237127027 0.11466949484826384487 0.62025233489529985054 
0.00000000099999999993 0.71997048225798843113 0.28002951074201176684 0.00000000099999999993 0.00000000099999999993 0.00000000099999999993 0.00000000099999999993 0.00000000099999999993 0.00000000099999999993 
0.00000000099999999996 0.72064013867630849486 0.27224264145890170186 0.00000000099999999996 0.00000000099999999996 0.00000000099999999996 0.00000000099999999996 0.00711721386478997731 0.00000000099999999996 
0.99999999200000022626 0.00000000099999999979 0.00000000099999999979 0.00000000099999999979 0.00000000099999999979 0.00000000099999999979 0.00000000099999999979 0.00000000099999999979 0.00000000099999999979 
0.00000000099999999997 0.73614652030512817138 0.26385347269487208210 0.00000000099999999997 0.00000000099999999997 0.00000000099999999997 0.00000000099999999997 0.00000000099999999997 0.00000000099999999997 
0.00000000100000000000 0.00000000100000000000 0.00056580321287986871 0.03602272614248271804 0.00000187424276883017 0.00000177600216498217 0.14169448064216272343 0.02122943164997912607 0.80048390610756170460 
0.00000000099999999978 0.00000000099999999978 0.00000000099999999978 0.00000000099999999978 0.00000000099999999978 0.00000000099999999978 0.99999999200000000421 0.00000000099999999978 0.00000000099999999978 
0.00000000099999999997 0.97079750354387861488 0.02209882088306187181 0.00710366957305974545 0.00000000099999999997 0.00000000099999999997 0.00000000099999999997 0.00000000099999999997 0.00000000099999999997 
0.00000000099999999957 0.00000000099999999957 0.00000000099999999957 0.00000000099999999957 0.00000000099999999957 0.99999999200000011523 0.00000000099999999957 0.00000000099999999957 0.00000000099999999957 
0.00000000099999999999 0.00034751101500741946 0.00000000099999999999 0.04272621203408829421 0.00000000099999999999 0.00000006623974192064 0.17147408675714018167 0.00233769774869876587 0.78311442320532331784 
0.00000000099999999993 0.71960860821212591087 0.28039138478787423159 0.00000000099999999993 0.00000000099999999993 0.00000000099999999993 0.00000000099999999993 0.00000000099999999993 0.00000000099999999993 
0.00866375104427563082 0.01263877779945000654 0.05129412060407315122 0.01142796147424569517 0.08594090198577056250 0.00946760991381455190 0.04137419181206565544 0.06187279174949395638 0.71731989361681081085 
0.00000000099999999996 0.72610334809917731480 0.27389664490082277215 0.00000000099999999996 0.00000000099999999996 0.00000000099999999996 0.00000000099999999996 0.00000000099999999996 0.00000000099999999996 
0.00000000099999999996 0.73672905366781504810 0.26312547373848976795 0.00000028588850836606 0.00000000099999999996 0.00000000099999999996 0.00000000099999999996 0.00014518170518672280 0.00000000099999999996 
0.00000000100000000000 0.01463152846869973656 0.02841486465188726440 0.02774536535849294813 0.00057210532215177439 0.00578565216362301234 0.04179691696472664919 0.01342602372623365875 0.86762754234418504318 
0.00000000100000000000 0.00000000100000000000 0.01793188030872718691 0.03938683031216588804 0.00005711417072014970 0.00188270075865308974 0.18657547579583946828 0.00887409720158175916 0.74529189945231244518 
0.00000000099999999979 0.00000000099999999979 0.00000000099999999979 0.00000000099999999979 0.00000000099999999979 0.00000000099999999979 0.99999999200000000421 0.00000000099999999979 0.00000000099999999979 
0.00000000099999999997 0.99102724358367144664 0.00895341583099754264 0.00000000099999999997 0.00000000099999999997 0.00000000099999999997 0.00000000099999999997 0.00001933458533114168 0.00000000099999999997 
0.00241345510455770245 0.00000000299060677325 0.00000000100000000000 0.05241337004624128243 0.00054631784908314596 0.00090929775453071275 0.16542453289873168543 0.00000000558405825727 0.77829301677219042688 
0.99999999200000022626 0.00000000099999999974 0.00000000099999999974 0.00000000099999999974 0.00000000099999999974 0.00000000099999999974 0.00000000099999999974 0.00000000099999999974 0.00000000099999999974 
0.00000000099999999998 0.70293335946140322879 0.25521639608912699559 0.01494054228532568085 0.00000000099999999998 0.00000000099999999998 0.00000000099999999998 0.02690969716414428475 0.00000000099999999998 
0.00000001751402300837 0.00001723611417776508 0.05557419126792754321 0.00436752424437374456 0.10121009684307270826 0.00526957592281199379 0.06070138258148261023 0.06083207642218008138 0.71202789908995056667 
0.00000000100000000000 0.03439960593533755023 0.00000106720554695295 0.02121432217134811005 0.00011252856724139352 0.00343626632679623753 0.04259462840427596236 0.02527387858192804704 0.87296770180752569779 
0.00002623894556814412 0.00005297396315112262 0.04538334046231436852 0.00737419090249674843 0.09866115485256904405 0.01966594580508350051 0.03097747038481385787 0.04839747709173713303 0.74946120759226608765 
0.00000000100000000000 0.01273776343083603615 0.00000011540574616213 0.03481171467626676536 0.01317968970665657491 0.00465205472977819629 0.03607784290883143258 0.01566688570891231619 0.88287393243297251910 
0.00001017527200296810 0.00318056171836843433 0.00000000100000000000 0.04814107573022873010 0.00001343313086767795 0.00034806630539868118 0.16279612244960189882 0.01064610808808062921 0.77486445630545097707 
0.00000000099999999976 0.00000000099999999976 0.00000000099999999976 0.00000000099999999976 0.00000000099999999976 0.00000000099999999976 0.99999999200000000421 0.00000000099999999976 0.00000000099999999976 
0.00000000099999999997 0.97680062176445059396 0.01926258201541312595 0.00393679022013637258 0.00000000099999999997 0.00000000099999999997 0.00000000099999999997 0.00000000099999999997 0.00000000099999999997 
0.00000000100000000000 0.00000007564768052245 0.00000011315418246590 0.05489474108749602121 0.00000062013828317479 0.00103297387080177570 0.15800990880835261154 0.01249187012150978354 0.77356969617169368814 
0.99999999200000022626 0.00000000099999999975 0.00000000099999999975 0.00000000099999999975 0.00000000099999999975 0.00000000099999999975 0.00000000099999999975 0.00000000099999999975 0.00000000099999999975 
0.00000000099999999960 0.00000000099999999960 0.00000000099999999960 0.00000000099999999960 0.00000000099999999960 0.99999999200000011523 0.00000000099999999960 0.00000000099999999960 0.00000000099999999960 
0.01142193295916236161 0.00000000100000000000 0.06159285623430737350 0.00715375305998667849 0.07731007037406217863 0.01037197660695533992 0.03265471402181131105 0.05128289015768170561 0.74821180558603317401 
0.00000000100000000000 0.00142656340614502868 0.06840601854377227620 0.00070179276714816630 0.09241332203648534860 0.01120794305226081519 0.05172835152300139794 0.04862520817305760606 0.72549079949812933510 
0.00000000100000000000 0.03008771517431008818 0.00693705472065552289 0.02930085633110090029 0.01046059466864618891 0.00003025696109091361 0.06152355639476456139 0.01548758662766141526 0.84617237812177026335 
0.00000014199452704116 0.00000336717004248622 0.00000000100000000000 0.05800376335562703461 0.00000000100000000000 0.00696208567735977744 0.14018946504997695235 0.00281287419037091731 0.79202830056209572174 
0.00000000099999999977 0.00000000099999999977 0.00000000099999999977 0.00000000099999999977 0.00000000099999999977 0.00000000099999999977 0.99999999199999989319 0.00000000099999999977 0.00000000099999999977 
0.00000000099999999958 0.00000000099999999958 0.00000000099999999958 0.00000000099999999958 0.00000000099999999958 0.99999999200000000421 0.00000000099999999958 0.00000000099999999958 0.00000000099999999958 
0.00000000100000000000 0.00000000100000000000 0.00000135693161054277 0.05410407346791590993 0.00000000185127135876 0.00000034171234805117 0.16099603320258440431 0.00838583491241460047 0.77651235592185507972 
0.99999999200000011523 0.00000000099999999976 0.00000000099999999976 0.00000000099999999976 0.00000000099999999976 0.00000000099999999976 0.00000000099999999976 0.00000000099999999976 0.00000000099999999976 
0.00000000099999999955 0.00000000099999999955 0.00000000099999999955 0.00000000099999999955 0.00000000099999999955 0.99999999200000011523 0.00000000099999999955 0.00000000099999999955 0.00000000099999999955 
0.00027840793271608486 0.00532166548406778732 0.07399427847507319966 0.01817753798777638902 0.09432067002394188548 0.00627337750863397013 0.05147572775879376283 0.05903276825765107344 0.69112556657134593951 
0.00000249993179672636 0.01312386572741220878 0.01537977970291505223 0.04820820939137646782 0.01244657970388422970 0.01024031798440716221 0.05016784147254959442 0.02160387245578842749 0.82882703362987009132 
0.00000001425552995704 0.01764436687327900280 0.01580805543216251205 0.00018834419632068016 0.00000881334178277373 0.00013512704188183746 0.04953282772076834928 0.00002885858483689117 0.91665359255343792366 
0.00000000100000000000 0.02594636064989771368 0.00653213668560878070 0.03100601221461320167 0.00000038872789855739 0.00949925789736781427 0.06234691702846680700 0.02280365122042546031 0.84186527457572157829 
0.00000000100000000000 0.02702085318576017900 0.00925882838715251857 0.04768029633596263667 0.00660449448873914359 0.00028666210178790365 0.02789972159103277019 0.02645246254564696808 0.85479668036391787123 
0.00008124118174557610 0.00000000099999999999 0.10387819172816013802 0.00000000099999999999 0.13763251655220257175 0.00945591047662092815 0.00000000099999999999 0.05384507435325620178 0.69510706270801458917 
0.00000000099999999980 0.00000000099999999980 0.99999999200000011523 0.00000000099999999980 0.00000000099999999980 0.00000000099999999980 0.00000000099999999980 0.00000000099999999980 0.00000000099999999980 
0.00000000099999999990 0.00000000099999999990 0.00000000099999999990 0.00000000099999999990 0.99999999200000011523 0.00000000099999999990 0.00000000099999999990 0.00000000099999999990 0.00000000099999999990 
0.00000000099999999990 0.00000000099999999990 0.00000000099999999990 0.00000000099999999990 0.99999999200000000421 0.00000000099999999990 0.00000000099999999990 0.00000000099999999990 0.00000000099999999990 
0.00000000099999999953 0.00000000099999999953 0.00000000099999999953 0.00000000099999999953 0.00000000099999999953 0.99999999200000011523 0.00000000099999999953 0.00000000099999999953 0.00000000099999999953 
0.00000000099999999977 0.00000000099999999977 0.99999999200000011523 0.00000000099999999977 0.00000000099999999977 0.00000000099999999977 0.00000000099999999977 0.00000000099999999977 0.00000000099999999977 
0.00000000099999999996 0.00000000099999999996 0.10784538102981267027 0.00000000099999999996 0.88994801413304336357 0.00000579419551666530 0.00000000099999999996 0.00220080564162736855 0.00000000099999999996 
0.00000000099999999999 0.00329968972159071965 0.14522654838350543272 0.00000145684765198910 0.10884425050178719863 0.01541393584499434373 0.00000000099999999999 0.11111452591515681709 0.61609959078531340015 
0.00000000100000000000 0.01382424252601808200 0.12815716453573933187 0.00000015705694786710 0.10825390974147278134 0.00442022638869091124 0.00000001793688048748 0.09425952672840220981 0.65108475408584831623 
0.00000000100000000000 0.00000000103006540855 0.10844790742355317481 0.00072270571010043746 0.09271505861633640155 0.00323987569485286071 0.00000000930531945105 0.08331279625448699544 0.71156164496528528929 
0.00000000099999999992 0.90333797775653557061 0.00000000099999999992 0.09666201524346459961 0.00000000099999999992 0.00000000099999999992 0.00000000099999999992 0.00000000099999999992 0.00000000099999999992 
0.00000000099999999995 0.87772433704857644177 0.02359511012130766777 0.09868054683011594219 0.00000000099999999995 0.00000000099999999995 0.00000000099999999995 0.00000000099999999995 0.00000000099999999995 
0.00000000099999999993 0.00000000099999999993 0.00000000099999999993 0.00151601720237387583 0.00000000099999999993 0.00000000099999999993 0.00000000099999999993 0.00000000099999999993 0.99848397579762604437 
0.00000000099999999999 0.01258224835760756409 0.15142447380128196133 0.00000000099999999999 0.10365782638334959664 0.01032690957532950496 0.00000000099999999999 0.08492793247744767626 0.63708060640498365146 
0.00000000099999999999 0.01077074082013359212 0.26643450485687603102 0.00000000099999999999 0.54106405826868042563 0.01271030024063192314 0.00000000099999999999 0.04422989627315970784 0.12479049654051836693 
0.00000000099999999994 0.00000000099999999994 0.99999999200000011523 0.00000000099999999994 0.00000000099999999994 0.00000000099999999994 0.00000000099999999994 0.00000000099999999994 0.00000000099999999994 
0.00000000099999999990 0.00000000099999999990 0.99999999200000000421 0.00000000099999999990 0.00000000099999999990 0.00000000099999999990 0.00000000099999999990 0.00000000099999999990 0.00000000099999999990 
0.00000000099999999990 0.00000000099999999990 0.00000000099999999990 0.00000000099999999990 0.99999999200000000421 0.00000000099999999990 0.00000000099999999990 0.00000000099999999990 0.00000000099999999990 
0.00276351507813226956 0.01223432607787784503 0.04587686098897771764 0.05096456742423414316 0.04601577773801419219 0.00540741410457623323 0.05893497998776992680 0.03054595110814232670 0.74725660749227540425 
0.00000000099999999993 0.00000000099999999993 0.00000000099999999993 0.00000000099999999993 0.00000000099999999993 0.00000000099999999993 0.00000000099999999993 0.00000000099999999993 0.99999999200000000421 
0.00000000099999999999 0.00476143762531754111 0.17655545297780159131 0.00000000223352402641 0.09702083877875901374 0.00487221344244701243 0.00000000099999999999 0.09333586504342464285 0.62345418789872619758 
